,x,y,s,R,vx_entry,time,acceleration,vel_fi,vel_ri,vx_max,vx_exit
0,0.1,0.0,0.01,10000.0,0.0,0.0,0.0,33.29511773786174,33.29511773786174,33.29511773786174,0.38868238961908214
1,0.2,0.0,0.01,10000.0,0.38868238961908214,0.0,7.553699999999999,33.29511773786174,33.29511773786174,33.29511773786174,0.5980411480525452
2,0.3,0.0,0.01,10000.0,0.5980411480525452,0.0,10.328960738200314,33.29511773786174,33.29511773786174,33.29511773786174,0.7646122847423078
3,0.4,0.0,0.01,10000.0,0.7646122847423078,0.0,11.348936560742287,33.29511773786174,33.29511773786174,33.29511773786174,0.9050495373064557
4,0.5,0.0,0.01,10000.0,0.9050495373064557,0.0,11.724135949988874,33.29511773786174,33.29511773786174,33.29511773786174,1.0277958949440196
5,0.6,0.0,0.01,10000.0,1.0277958949440196,0.0,11.862486834257442,33.29511773786174,33.29511773786174,33.29511773786174,1.1378229672782796
6,0.7,0.0,0.01,10000.0,1.1378229672782796,0.0,11.913835160108531,33.29511773786174,33.29511773786174,33.29511773786174,1.2382671742114943
7,0.8,0.0,0.01,10000.0,1.2382671742114943,0.0,11.93322449318851,33.29511773786174,33.29511773786174,33.29511773786174,1.3312111324897034
8,0.9,0.0,0.01,10000.0,1.3312111324897034,0.0,11.940874226739963,33.29511773786174,33.29511773786174,33.29511773786174,1.4180998949437311
9,1.0,0.0,0.01,10000.0,1.4180998949437311,0.0,11.944211638745122,33.29511773786174,33.29511773786174,33.29511773786174,1.499975537304657
10,1.1,0.0,0.01,10000.0,1.499975537304657,0.0,11.945965023648668,33.29511773786174,33.29511773786174,33.29511773786174,1.5776150810852474
11,1.2,0.0,0.01,10000.0,1.5776150810852474,0.0,11.947136577760846,33.29511773786174,33.29511773786174,33.29511773786174,1.6516147350130426
12,1.3,0.0,0.01,10000.0,1.6516147350130426,0.0,11.948094442229575,33.29511773786174,33.29511773786174,33.29511773786174,1.7224432385049002
13,1.4,0.0,0.01,10000.0,1.7224432385049002,0.0,11.948973847952272,33.29511773786174,33.29511773786174,33.29511773786174,1.7904768077998094
14,1.5,0.0,0.01,10000.0,1.7904768077998094,0.0,11.949824469887346,33.29511773786174,33.29511773786174,33.29511773786174,1.8560227612764153
15,1.6,0.0,0.01,10000.0,1.8560227612764153,0.0,11.950664555356685,33.29511773786174,33.29511773786174,33.29511773786174,1.9193359545740696
16,1.7,0.0,0.01,10000.0,1.9193359545740696,0.0,11.951500807231257,33.29511773786174,33.29511773786174,33.29511773786174,1.9806305107906736
17,1.8,0.0,0.01,10000.0,1.9806305107906736,0.0,11.952335687708487,33.29511773786174,33.29511773786174,33.29511773786174,2.040088385903841
18,1.9,0.0,0.01,10000.0,2.040088385903841,0.0,11.953170101240676,33.29511773786174,33.29511773786174,33.29511773786174,2.097865751162613
19,2.0,0.0,0.01,10000.0,2.097865751162613,0.0,11.954004380066802,33.29511773786174,33.29511773786174,33.29511773786174,2.154097835017184
20,2.1,0.0,0.01,10000.0,2.154097835017184,0.0,11.95483864623224,33.29511773786174,33.29511773786174,33.29511773786174,2.208902655554821
21,2.2,0.0,0.01,10000.0,2.208902655554821,0.0,11.955672944571013,33.29511773786174,33.29511773786174,33.29511773786174,2.262383939022781
22,2.3,0.0,0.01,10000.0,2.262383939022781,0.0,11.956507291554779,33.29511773786174,33.29511773786174,33.29511773786174,2.3146334313262154
23,2.4,0.0,0.01,10000.0,2.3146334313262154,0.0,11.957341693236707,33.29511773786174,33.29511773786174,33.29511773786174,2.3657327500057628
24,2.5,0.0,0.01,10000.0,2.3657327500057628,0.0,11.958176151842915,33.29511773786174,33.29511773786174,33.29511773786174,2.4157548836365215
25,2.6,0.0,0.01,10000.0,2.4157548836365215,0.0,11.959010668193704,33.29511773786174,33.29511773786174,33.29511773786174,2.464765417370497
26,2.7,0.0,0.01,10000.0,2.464765417370497,0.0,11.959845242592966,33.29511773786174,33.29511773786174,33.29511773786174,2.512823543380764
27,2.8,0.0,0.01,10000.0,2.512823543380764,0.0,11.960679875154913,33.29511773786174,33.29511773786174,33.29511773786174,2.5599829006239747
28,2.9,0.0,0.01,10000.0,2.5599829006239747,0.0,11.961514565924059,33.29511773786174,33.29511773786174,33.29511773786174,2.6062922778893247
29,3.0,0.0,0.01,10000.0,2.6062922778893247,0.0,11.962349314919349,33.29511773786174,33.29511773786174,33.29511773786174,2.65179620639078
30,3.1,0.0,0.01,10000.0,2.65179620639078,0.0,11.963184122150295,33.29511773786174,33.29511773786174,33.29511773786174,2.696535462400039
31,3.2,0.0,0.01,10000.0,2.696535462400039,0.0,11.964018987622982,33.29511773786174,33.29511773786174,33.29511773786174,2.740547496068593
32,3.3,0.0,0.01,10000.0,2.740547496068593,0.0,11.96485391134221,33.29511773786174,33.29511773786174,33.29511773786174,2.783866799269333
33,3.4,0.0,0.01,10000.0,2.783866799269333,0.0,11.965688893312318,33.29511773786174,33.29511773786174,33.29511773786174,2.826525222732822
34,3.5,0.0,0.01,10000.0,2.826525222732822,0.0,11.966523933537475,33.29511773786174,33.29511773786174,33.29511773786174,2.8685522507678445
35,3.6,0.0,0.01,10000.0,2.8685522507678445,0.0,11.967359032021786,33.29511773786174,33.29511773786174,33.29511773786174,2.9099752403002768
36,3.7,0.0,0.01,10000.0,2.9099752403002768,0.0,11.968194188769335,33.29511773786174,33.29511773786174,33.29511773786174,2.9508196297361753
37,3.8,0.0,0.01,10000.0,2.9508196297361753,0.0,11.969029403784194,33.29511773786174,33.29511773786174,33.29511773786174,2.9911091221782176
38,3.9,0.0,0.01,10000.0,2.9911091221782176,0.0,11.96986467707044,33.29511773786174,33.29511773786174,33.29511773786174,3.0308658467425427
39,4.0,0.0,0.01,10000.0,3.0308658467425427,0.0,11.970700008632143,33.29511773786174,33.29511773786174,33.29511773786174,3.0701105010927305
40,4.1,0.0,0.01,10000.0,3.0701105010927305,0.0,11.971535398473366,33.29511773786174,33.29511773786174,33.29511773786174,3.108862477796633
41,4.2,0.0,0.01,10000.0,3.108862477796633,0.0,11.972370846598194,33.29511773786174,33.29511773786174,33.29511773786174,3.1471399766950365
42,4.3,0.0,0.01,10000.0,3.1471399766950365,0.0,11.973206353010687,33.29511773786174,33.29511773786174,33.29511773786174,3.184960105129471
43,4.4,0.0,0.01,10000.0,3.184960105129471,0.0,11.97404191771492,33.29511773786174,33.29511773786174,33.29511773786174,3.22233896759491
44,4.5,0.0,0.01,10000.0,3.22233896759491,0.0,11.974877540714965,33.29511773786174,33.29511773786174,33.29511773786174,3.25929174614991
45,4.6,0.0,0.01,10000.0,3.25929174614991,0.0,11.975713222014898,33.29511773786174,33.29511773786174,33.29511773786174,3.295832772722746
46,4.7,0.0,0.01,10000.0,3.295832772722746,0.0,11.976548961618786,33.29511773786174,33.29511773786174,33.29511773786174,3.331975594289958
47,4.8,0.0,0.01,10000.0,3.331975594289958,0.0,11.977384759530704,33.29511773786174,33.29511773786174,33.29511773786174,3.3677330317676626
48,4.9,0.0,0.01,10000.0,3.3677330317676626,0.0,11.97822061575472,33.29511773786174,33.29511773786174,33.29511773786174,3.403117233341354
49,5.0,0.0,0.01,10000.0,3.403117233341354,0.0,11.979056530294915,33.29511773786174,33.29511773786174,33.29511773786174,3.4381397228629353
50,5.1,0.0,0.01,10000.0,3.4381397228629353,0.0,11.97989250315536,33.29511773786174,33.29511773786174,33.29511773786174,3.4728114438614175
51,5.2,0.0,0.01,10000.0,3.4728114438614175,0.0,11.980728534340123,33.29511773786174,33.29511773786174,33.29511773786174,3.5071427996435913
52,5.3,0.0,0.01,10000.0,3.5071427996435913,0.0,11.981564623853286,33.29511773786174,33.29511773786174,33.29511773786174,3.541143689901028
53,5.4,0.0,0.01,10000.0,3.541143689901028,0.0,11.982400771698927,33.29511773786174,33.29511773786174,33.29511773786174,3.5748235441883685
54,5.5,0.0,0.01,10000.0,3.5748235441883685,0.0,11.983236977881106,33.29511773786174,33.29511773786174,33.29511773786174,3.608191352593646
55,5.6,0.0,0.01,10000.0,3.608191352593646,0.0,11.98407324240391,33.29511773786174,33.29511773786174,33.29511773786174,3.641255693883223
56,5.7,0.0,0.01,10000.0,3.641255693883223,0.0,11.984909565271407,33.29511773786174,33.29511773786174,33.29511773786174,3.6740247613709336
57,5.8,0.0,0.01,10000.0,3.6740247613709336,0.0,11.985745946487677,33.29511773786174,33.29511773786174,33.29511773786174,3.706506386732374
58,5.9,0.0,0.01,10000.0,3.706506386732374,0.0,11.986582386056794,33.29511773786174,33.29511773786174,33.29511773786174,3.7387080619603794
59,6.0,0.0,0.01,10000.0,3.7387080619603794,0.0,11.987418883982839,33.29511773786174,33.29511773786174,33.29511773786174,3.770636959635989
60,6.1,0.0,0.01,10000.0,3.770636959635989,0.0,11.988255440269882,33.29511773786174,33.29511773786174,33.29511773786174,3.8022999516702223
61,6.2,0.0,0.01,10000.0,3.8022999516702223,0.0,11.989092054921999,33.29511773786174,33.29511773786174,33.29511773786174,3.8337036266553315
62,6.3,0.0,0.01,10000.0,3.8337036266553315,0.0,11.989928727943271,33.29511773786174,33.29511773786174,33.29511773786174,3.8648543059495784
63,6.4,0.0,0.01,10000.0,3.8648543059495784,0.0,11.990765459337773,33.29511773786174,33.29511773786174,33.29511773786174,3.895758058606719
64,6.5,0.0,0.01,10000.0,3.895758058606719,0.0,11.99160224910958,33.29511773786174,33.29511773786174,33.29511773786174,3.926420715250016
65,6.6,0.0,0.01,10000.0,3.926420715250016,0.0,11.99243909726278,33.29511773786174,33.29511773786174,33.29511773786174,3.9568478809805763
66,6.7,0.0,0.01,10000.0,3.9568478809805763,0.0,11.993276003801439,33.29511773786174,33.29511773786174,33.29511773786174,3.987044947400903
67,6.8,0.0,0.01,10000.0,3.987044947400903,0.0,11.99411296872964,33.29511773786174,33.29511773786174,33.29511773786174,4.0170171038266815
68,6.9,0.0,0.01,10000.0,4.0170171038266815,0.0,11.994949992051467,33.29511773786174,33.29511773786174,33.29511773786174,4.046769347752788
69,7.0,0.0,0.01,10000.0,4.046769347752788,0.0,11.99578707377099,33.29511773786174,33.29511773786174,33.29511773786174,4.076306494633269
70,7.1,0.0,0.01,10000.0,4.076306494633269,0.0,11.996624213892295,33.29511773786174,33.29511773786174,33.29511773786174,4.105633187029469
71,7.2,0.0,0.01,10000.0,4.105633187029469,0.0,11.997461412419455,33.29511773786174,33.29511773786174,33.29511773786174,4.134753903175483
72,7.3,0.0,0.01,10000.0,4.134753903175483,0.0,11.998298669356553,33.29511773786174,33.29511773786174,33.29511773786174,4.163672965005662
73,7.4,0.0,0.01,10000.0,4.163672965005662,0.0,11.999135984707669,33.29511773786174,33.29511773786174,33.29511773786174,4.192394545684909
74,7.5,0.0,0.01,10000.0,4.192394545684909,0.0,11.999973358476884,33.29511773786174,33.29511773786174,33.29511773786174,4.220922676678873
75,7.6,0.0,0.01,10000.0,4.220922676678873,0.0,12.000810790668282,33.29511773786174,33.29511773786174,33.29511773786174,4.249261254397952
76,7.7,0.0,0.01,10000.0,4.249261254397952,0.0,12.001648281285942,33.29511773786174,33.29511773786174,33.29511773786174,4.277414046446093
77,7.8,0.0,0.01,10000.0,4.277414046446093,0.0,12.002485830333939,33.29511773786174,33.29511773786174,33.29511773786174,4.3053846975027295
78,7.9,0.0,0.01,10000.0,4.3053846975027295,0.0,12.003323437816354,33.29511773786174,33.29511773786174,33.29511773786174,4.333176734863859
79,8.0,0.0,0.01,10000.0,4.333176734863859,0.0,12.004161103737278,33.29511773786174,33.29511773786174,33.29511773786174,4.3607935736660846
80,8.1,0.0,0.01,10000.0,4.3607935736660846,0.0,12.004998828100792,33.29511773786174,33.29511773786174,33.29511773786174,4.388238521815517
81,8.2,0.0,0.01,10000.0,4.388238521815517,0.0,12.00583661091097,33.29511773786174,33.29511773786174,33.29511773786174,4.415514784641658
82,8.3,0.0,0.01,10000.0,4.415514784641658,0.0,12.0066744521719,33.29511773786174,33.29511773786174,33.29511773786174,4.442625469294798
83,8.4,0.0,0.01,10000.0,4.442625469294798,0.0,12.007512351887662,33.29511773786174,33.29511773786174,33.29511773786174,4.469573588903988
84,8.5,0.0,0.01,10000.0,4.469573588903988,0.0,12.008350310062342,33.29511773786174,33.29511773786174,33.29511773786174,4.496362066511335
85,8.6,0.0,0.01,10000.0,4.496362066511335,0.0,12.009188326700029,33.29511773786174,33.29511773786174,33.29511773786174,4.522993738797145
86,8.7,0.0,0.01,10000.0,4.522993738797145,0.0,12.010026401804796,33.29511773786174,33.29511773786174,33.29511773786174,4.549471359609354
87,8.8,0.0,0.01,10000.0,4.549471359609354,0.0,12.010864535380726,33.29511773786174,33.29511773786174,33.29511773786174,4.57579760330966
88,8.9,0.0,0.01,10000.0,4.57579760330966,0.0,12.011702727431912,33.29511773786174,33.29511773786174,33.29511773786174,4.601975067947857
89,9.0,0.0,0.01,10000.0,4.601975067947857,0.0,12.012540977962436,33.29511773786174,33.29511773786174,33.29511773786174,4.628006278275042
90,9.1,0.0,0.01,10000.0,4.628006278275042,0.0,12.013379286976386,33.29511773786174,33.29511773786174,33.29511773786174,4.653893688605571
91,9.2,0.0,0.01,10000.0,4.653893688605571,0.0,12.014217654477843,33.29511773786174,33.29511773786174,33.29511773786174,4.67963968553693
92,9.3,0.0,0.01,10000.0,4.67963968553693,0.0,12.015056080470888,33.29511773786174,33.29511773786174,33.29511773786174,4.705246590536076
93,9.4,0.0,0.01,10000.0,4.705246590536076,0.0,12.015894564959611,33.29511773786174,33.29511773786174,33.29511773786174,4.730716662400141
94,9.5,0.0,0.01,10000.0,4.730716662400141,0.0,12.016733107948102,33.29511773786174,33.29511773786174,33.29511773786174,4.756052099598904
95,9.6,0.0,0.01,10000.0,4.756052099598904,0.0,12.017571709440439,33.29511773786174,33.29511773786174,33.29511773786174,4.781255042505886
96,9.7,0.0,0.01,10000.0,4.781255042505886,0.0,12.018410369440717,33.29511773786174,33.29511773786174,33.29511773786174,4.806327575524479
97,9.8,0.0,0.01,10000.0,4.806327575524479,0.0,12.019249087953016,33.29511773786174,33.29511773786174,33.29511773786174,4.831271729115083
98,9.9,0.0,0.01,10000.0,4.831271729115083,0.0,12.020087864981427,33.29511773786174,33.29511773786174,33.29511773786174,4.856089481728817
99,10.0,0.0,0.01,10000.0,4.856089481728817,0.0,12.020926700530037,33.29511773786174,33.29511773786174,33.29511773786174,4.880782761653022
100,10.1,0.0,0.01,10000.0,4.880782761653022,0.0,12.021765594602934,33.29511773786174,33.29511773786174,33.29511773786174,4.905353448773431
101,10.2,0.0,0.01,10000.0,4.905353448773431,0.0,12.022604547204207,33.29511773786174,33.29511773786174,33.29511773786174,4.929803376257531
102,10.3,0.0,0.01,10000.0,4.929803376257531,0.0,12.023443558337938,33.29511773786174,33.29511773786174,33.29511773786174,4.954134332163422
103,10.4,0.0,0.01,10000.0,4.954134332163422,0.0,12.024282628008217,33.29511773786174,33.29511773786174,33.29511773786174,4.97834806097813
104,10.5,0.0,0.01,10000.0,4.97834806097813,0.0,12.025121756219137,33.29511773786174,33.29511773786174,33.29511773786174,5.002446265089131
105,10.6,0.0,0.01,10000.0,5.002446265089131,0.0,12.025960942974791,33.29511773786174,33.29511773786174,33.29511773786174,5.026430606192607
106,10.7,0.0,0.01,10000.0,5.026430606192607,0.0,12.026800188279259,33.29511773786174,33.29511773786174,33.29511773786174,5.050302706641703
107,10.8,0.0,0.01,10000.0,5.050302706641703,0.0,12.027639492136633,33.29511773786174,33.29511773786174,33.29511773786174,5.0740641507379
108,10.9,0.0,0.01,10000.0,5.0740641507379,0.0,12.028478854551008,33.29511773786174,33.29511773786174,33.29511773786174,5.097716485968404
109,11.0,0.0,0.01,10000.0,5.097716485968404,0.0,12.02931827552647,33.29511773786174,33.29511773786174,33.29511773786174,5.121261224192279
110,11.1,0.0,0.01,10000.0,5.121261224192279,0.0,12.030157755067107,33.29511773786174,33.29511773786174,33.29511773786174,5.144699842777899
111,11.2,0.0,0.01,10000.0,5.144699842777899,0.0,12.030997293177016,33.29511773786174,33.29511773786174,33.29511773786174,5.168033785694144
112,11.3,0.0,0.01,10000.0,5.168033785694144,0.0,12.031836889860287,33.29511773786174,33.29511773786174,33.29511773786174,5.191264464557605
113,11.4,0.0,0.01,10000.0,5.191264464557605,0.0,12.032676545121006,33.29511773786174,33.29511773786174,33.29511773786174,5.214393259637964
114,11.5,0.0,0.01,10000.0,5.214393259637964,0.0,12.03351625896327,33.29511773786174,33.29511773786174,33.29511773786174,5.237421520823548
115,11.6,0.0,0.01,10000.0,5.237421520823548,0.0,12.034356031391168,33.29511773786174,33.29511773786174,33.29511773786174,5.260350568549003
116,11.7,0.0,0.01,10000.0,5.260350568549003,0.0,12.035195862408793,33.29511773786174,33.29511773786174,33.29511773786174,5.283181694686851
117,11.8,0.0,0.01,10000.0,5.283181694686851,0.0,12.036035752020238,33.29511773786174,33.29511773786174,33.29511773786174,5.305916163404659
118,11.9,0.0,0.01,10000.0,5.305916163404659,0.0,12.036875700229595,33.29511773786174,33.29511773786174,33.29511773786174,5.328555211989422
119,12.0,0.0,0.01,10000.0,5.328555211989422,0.0,12.03771570704096,33.29511773786174,33.29511773786174,33.29511773786174,5.351100051640672
120,12.1,0.0,0.01,10000.0,5.351100051640672,0.0,12.038555772458421,33.29511773786174,33.29511773786174,33.29511773786174,5.3735518682337595
121,12.2,0.0,0.01,10000.0,5.3735518682337595,0.0,12.039395896486079,33.29511773786174,33.29511773786174,33.29511773786174,5.3959118230546625
122,12.3,0.0,0.01,10000.0,5.3959118230546625,0.0,12.040236079128022,33.29511773786174,33.29511773786174,33.29511773786174,5.418181053507612
123,12.4,0.0,0.01,10000.0,5.418181053507612,0.0,12.041076320388344,33.29511773786174,33.29511773786174,33.29511773786174,5.440360673796755
124,12.5,0.0,0.01,10000.0,5.440360673796755,0.0,12.041916620271142,33.29511773786174,33.29511773786174,33.29511773786174,5.462451775583003
125,12.6,0.0,0.01,10000.0,5.462451775583003,0.0,12.042756978780512,33.29511773786174,33.29511773786174,33.29511773786174,5.484455428617167
126,12.7,0.0,0.01,10000.0,5.484455428617167,0.0,12.043597395920543,33.29511773786174,33.29511773786174,33.29511773786174,5.506372681350421
127,12.8,0.0,0.01,10000.0,5.506372681350421,0.0,12.044437871695337,33.29511773786174,33.29511773786174,33.29511773786174,5.528204561523063
128,12.9,0.0,0.01,10000.0,5.528204561523063,0.0,12.045278406108984,33.29511773786174,33.29511773786174,33.29511773786174,5.549952076732529
129,13.0,0.0,0.01,10000.0,5.549952076732529,0.0,12.046118999165584,33.29511773786174,33.29511773786174,33.29511773786174,5.571616214981529
130,13.1,0.0,0.01,10000.0,5.571616214981529,0.0,12.046959650869233,33.29511773786174,33.29511773786174,33.29511773786174,5.593197945207159
131,13.2,0.0,0.01,10000.0,5.593197945207159,0.0,12.04780036122402,33.29511773786174,33.29511773786174,33.29511773786174,5.614698217791787
132,13.3,0.0,0.01,10000.0,5.614698217791787,0.0,12.048641130234055,33.29511773786174,33.29511773786174,33.29511773786174,5.636117965056475
133,13.4,0.0,0.01,10000.0,5.636117965056475,0.0,12.049481957903428,33.29511773786174,33.29511773786174,33.29511773786174,5.657458101737658
134,13.5,0.0,0.01,10000.0,5.657458101737658,0.0,12.050322844236238,33.29511773786174,33.29511773786174,33.29511773786174,5.678719525447775
135,13.6,0.0,0.01,10000.0,5.678719525447775,0.0,12.051163789236577,33.29511773786174,33.29511773786174,33.29511773786174,5.699903117120498
136,13.7,0.0,0.01,10000.0,5.699903117120498,0.0,12.052004792908551,33.29511773786174,33.29511773786174,33.29511773786174,5.7210097414412
137,13.8,0.0,0.01,10000.0,5.7210097414412,0.0,12.052845855256255,33.29511773786174,33.29511773786174,33.29511773786174,5.74204024726323
138,13.9,0.0,0.01,10000.0,5.74204024726323,0.0,12.053686976283783,33.29511773786174,33.29511773786174,33.29511773786174,5.762995468010597
139,14.0,0.0,0.01,10000.0,5.762995468010597,0.0,12.054528155995238,33.29511773786174,33.29511773786174,33.29511773786174,5.7838762220675655
140,14.1,0.0,0.01,10000.0,5.7838762220675655,0.0,12.055369394394718,33.29511773786174,33.29511773786174,33.29511773786174,5.804683313155706
141,14.2,0.0,0.01,10000.0,5.804683313155706,0.0,12.056210691486323,33.29511773786174,33.29511773786174,33.29511773786174,5.825417530698876
142,14.3,0.0,0.01,10000.0,5.825417530698876,0.0,12.057052047274155,33.29511773786174,33.29511773786174,33.29511773786174,5.846079650176606
143,14.4,0.0,0.01,10000.0,5.846079650176606,0.0,12.057893461762307,33.29511773786174,33.29511773786174,33.29511773786174,5.866670433466339
144,14.5,0.0,0.01,10000.0,5.866670433466339,0.0,12.058734934954888,33.29511773786174,33.29511773786174,33.29511773786174,5.887190629174942
145,14.6,0.0,0.01,10000.0,5.887190629174942,0.0,12.059576466855988,33.29511773786174,33.29511773786174,33.29511773786174,5.907640972959904
146,14.7,0.0,0.01,10000.0,5.907640972959904,0.0,12.060418057469718,33.29511773786174,33.29511773786174,33.29511773786174,5.928022187840617
147,14.8,0.0,0.01,10000.0,5.928022187840617,0.0,12.061259706800172,33.29511773786174,33.29511773786174,33.29511773786174,5.94833498450009
148,14.9,0.0,0.01,10000.0,5.94833498450009,0.0,12.062101414851453,33.29511773786174,33.29511773786174,33.29511773786174,5.968580061577481
149,15.0,0.0,0.01,10000.0,5.968580061577481,0.0,12.062943181627665,33.29511773786174,33.29511773786174,33.29511773786174,5.988758105951759
150,15.1,0.0,0.01,10000.0,5.988758105951759,0.0,12.06378500713291,33.29511773786174,33.29511773786174,33.29511773786174,6.0088697930168475
151,15.2,0.0,0.01,10000.0,6.0088697930168475,0.0,12.064626891371287,33.29511773786174,33.29511773786174,33.29511773786174,6.028915786948534
152,15.3,0.0,0.01,10000.0,6.028915786948534,0.0,12.065468834346902,33.29511773786174,33.29511773786174,33.29511773786174,6.048896740963475
153,15.4,0.0,0.01,10000.0,6.048896740963475,0.0,12.066310836063852,33.29511773786174,33.29511773786174,33.29511773786174,6.068813297570545
154,15.5,0.0,0.01,10000.0,6.068813297570545,0.0,12.067152896526245,33.29511773786174,33.29511773786174,33.29511773786174,6.0886660888148425
155,15.6,0.0,0.01,10000.0,6.0886660888148425,0.0,12.067995015738184,33.29511773786174,33.29511773786174,33.29511773786174,6.108455736514583
156,15.7,0.0,0.01,10000.0,6.108455736514583,0.0,12.06883719370377,33.29511773786174,33.29511773786174,33.29511773786174,6.1281828524911415
157,15.8,0.0,0.01,10000.0,6.1281828524911415,0.0,12.069679430427113,33.29511773786174,33.29511773786174,33.29511773786174,6.147848038792493
158,15.9,0.0,0.01,10000.0,6.147848038792493,0.0,12.070521725912307,33.29511773786174,33.29511773786174,33.29511773786174,6.167451887910272
159,16.0,0.0,0.01,10000.0,6.167451887910272,0.0,12.071364080163466,33.29511773786174,33.29511773786174,33.29511773786174,6.186994982990666
160,16.1,0.0,0.01,10000.0,6.186994982990666,0.0,12.072206493184684,33.29511773786174,33.29511773786174,33.29511773786174,6.206477898039377
161,16.2,0.0,0.01,10000.0,6.206477898039377,0.0,12.073048964980076,33.29511773786174,33.29511773786174,33.29511773786174,6.225901198120828
162,16.3,0.0,0.01,10000.0,6.225901198120828,0.0,12.073891495553745,33.29511773786174,33.29511773786174,33.29511773786174,6.245265439551833
163,16.4,0.0,0.01,10000.0,6.245265439551833,0.0,12.074734084909796,33.29511773786174,33.29511773786174,33.29511773786174,6.264571170089905
164,16.5,0.0,0.01,10000.0,6.264571170089905,0.0,12.07557673305233,33.29511773786174,33.29511773786174,33.29511773786174,6.283818929116379
165,16.6,0.0,0.01,10000.0,6.283818929116379,0.0,12.076419439985465,33.29511773786174,33.29511773786174,33.29511773786174,6.303009247814537
166,16.7,0.0,0.01,10000.0,6.303009247814537,0.0,12.077262205713293,33.29511773786174,33.29511773786174,33.29511773786174,6.322142649342894
167,16.8,0.0,0.01,10000.0,6.322142649342894,0.0,12.078105030239929,33.29511773786174,33.29511773786174,33.29511773786174,6.341219649003792
168,16.9,0.0,0.01,10000.0,6.341219649003792,0.0,12.078947913569479,33.29511773786174,33.29511773786174,33.29511773786174,6.360240754407485
169,17.0,0.0,0.01,10000.0,6.360240754407485,0.0,12.07979085570605,33.29511773786174,33.29511773786174,33.29511773786174,6.379206465631833
170,17.1,0.0,0.01,10000.0,6.379206465631833,0.0,12.08063385665375,33.29511773786174,33.29511773786174,33.29511773786174,6.398117275377758
171,17.2,0.0,0.01,10000.0,6.398117275377758,0.0,12.081476916416685,33.29511773786174,33.29511773786174,33.29511773786174,6.4169736691206145
172,17.3,0.0,0.01,10000.0,6.4169736691206145,0.0,12.082320034998967,33.29511773786174,33.29511773786174,33.29511773786174,6.435776125257573
173,17.4,0.0,0.01,10000.0,6.435776125257573,0.0,12.083163212404699,33.29511773786174,33.29511773786174,33.29511773786174,6.454525115251171
174,17.5,0.0,0.01,10000.0,6.454525115251171,0.0,12.084006448637993,33.29511773786174,33.29511773786174,33.29511773786174,6.473221103769143
175,17.6,0.0,0.01,10000.0,6.473221103769143,0.0,12.084849743702957,33.29511773786174,33.29511773786174,33.29511773786174,6.491864548820645
176,17.7,0.0,0.01,10000.0,6.491864548820645,0.0,12.085693097603704,33.29511773786174,33.29511773786174,33.29511773786174,6.510455901888989
177,17.8,0.0,0.01,10000.0,6.510455901888989,0.0,12.086536510344338,33.29511773786174,33.29511773786174,33.29511773786174,6.528995608060994
178,17.9,0.0,0.01,10000.0,6.528995608060994,0.0,12.087379981928967,33.29511773786174,33.29511773786174,33.29511773786174,6.547484106153063
179,18.0,0.0,0.01,10000.0,6.547484106153063,0.0,12.088223512361713,33.29511773786174,33.29511773786174,33.29511773786174,6.5659218288340835
180,18.1,0.0,0.01,10000.0,6.5659218288340835,0.0,12.089067101646672,33.29511773786174,33.29511773786174,33.29511773786174,6.584309202745241
181,18.2,0.0,0.01,10000.0,6.584309202745241,0.0,12.089910749787965,33.29511773786174,33.29511773786174,33.29511773786174,6.602646648616861
182,18.3,0.0,0.01,10000.0,6.602646648616861,0.0,12.090754456789695,33.29511773786174,33.29511773786174,33.29511773786174,6.620934581382343
183,18.4,0.0,0.01,10000.0,6.620934581382343,0.0,12.09159822265598,33.29511773786174,33.29511773786174,33.29511773786174,6.639173410289296
184,18.5,0.0,0.01,10000.0,6.639173410289296,0.0,12.092442047390929,33.29511773786174,33.29511773786174,33.29511773786174,6.657363539007944
185,18.6,0.0,0.01,10000.0,6.657363539007944,0.0,12.093285930998658,33.29511773786174,33.29511773786174,33.29511773786174,6.675505365736893
186,18.7,0.0,0.01,10000.0,6.675505365736893,0.0,12.094129873483272,33.29511773786174,33.29511773786174,33.29511773786174,6.693599283306331
187,18.8,0.0,0.01,10000.0,6.693599283306331,0.0,12.094973874848884,33.29511773786174,33.29511773786174,33.29511773786174,6.711645679278743
188,18.9,0.0,0.01,10000.0,6.711645679278743,0.0,12.09581793509961,33.29511773786174,33.29511773786174,33.29511773786174,6.729644936047207
189,19.0,0.0,0.01,10000.0,6.729644936047207,0.0,12.096662054239564,33.29511773786174,33.29511773786174,33.29511773786174,6.747597430931344
190,19.1,0.0,0.01,10000.0,6.747597430931344,0.0,12.09750623227286,33.29511773786174,33.29511773786174,33.29511773786174,6.7655035362709945
191,19.2,0.0,0.01,10000.0,6.7655035362709945,0.0,12.098350469203602,33.29511773786174,33.29511773786174,33.29511773786174,6.783363619517684
192,19.3,0.0,0.01,10000.0,6.783363619517684,0.0,12.099194765035913,33.29511773786174,33.29511773786174,33.29511773786174,6.80117804332393
193,19.4,0.0,0.01,10000.0,6.80117804332393,0.0,12.100039119773907,33.29511773786174,33.29511773786174,33.29511773786174,6.8189471656304805
194,19.5,0.0,0.01,10000.0,6.8189471656304805,0.0,12.100883533421696,33.29511773786174,33.29511773786174,33.29511773786174,6.836671339751505
195,19.6,0.0,0.01,10000.0,6.836671339751505,0.0,12.101728005983395,33.29511773786174,33.29511773786174,33.29511773786174,6.8543509144578305
196,19.7,0.0,0.01,10000.0,6.8543509144578305,0.0,12.102572537463116,33.29511773786174,33.29511773786174,33.29511773786174,6.871986234058258
197,19.8,0.0,0.01,10000.0,6.871986234058258,0.0,12.10341712786498,33.29511773786174,33.29511773786174,33.29511773786174,6.889577638479014
198,19.9,0.0,0.01,10000.0,6.889577638479014,0.0,12.104261777193098,33.29511773786174,33.29511773786174,33.29511773786174,6.907125463341396
199,20.0,0.0,0.01,10000.0,6.907125463341396,0.0,12.105106485451593,33.29511773786174,33.29511773786174,33.29511773786174,6.924630040037662
200,20.1,0.0,0.01,10000.0,6.924630040037662,0.0,12.105951252644571,33.29511773786174,33.29511773786174,33.29511773786174,6.9420916958052
201,20.2,0.0,0.01,10000.0,6.9420916958052,0.0,12.106796078776155,33.29511773786174,33.29511773786174,33.29511773786174,6.959510753799043
202,20.3,0.0,0.01,10000.0,6.959510753799043,0.0,12.107640963850452,33.29511773786174,33.29511773786174,33.29511773786174,6.976887533162761
203,20.4,0.0,0.01,10000.0,6.976887533162761,0.0,12.108485907871591,33.29511773786174,33.29511773786174,33.29511773786174,6.994222349097777
204,20.5,0.0,0.01,10000.0,6.994222349097777,0.0,12.109330910843688,33.29511773786174,33.29511773786174,33.29511773786174,7.0115155129311555
205,20.6,0.0,0.01,10000.0,7.0115155129311555,0.0,12.110175972770858,33.29511773786174,33.29511773786174,33.29511773786174,7.028767332181895
206,20.7,0.0,0.01,10000.0,7.028767332181895,0.0,12.11102109365722,33.29511773786174,33.29511773786174,33.29511773786174,7.045978110625772
207,20.8,0.0,0.01,10000.0,7.045978110625772,0.0,12.111866273506887,33.29511773786174,33.29511773786174,33.29511773786174,7.063148148358777
208,20.9,0.0,0.01,10000.0,7.063148148358777,0.0,12.112711512323981,33.29511773786174,33.29511773786174,33.29511773786174,7.080277741859162
209,21.0,0.0,0.01,10000.0,7.080277741859162,0.0,12.11355681011262,33.29511773786174,33.29511773786174,33.29511773786174,7.097367184048167
210,21.1,0.0,0.01,10000.0,7.097367184048167,0.0,12.114402166876923,33.29511773786174,33.29511773786174,33.29511773786174,7.114416764349431
211,21.2,0.0,0.01,10000.0,7.114416764349431,0.0,12.115247582621011,33.29511773786174,33.29511773786174,33.29511773786174,7.1314267687471355
212,21.3,0.0,0.01,10000.0,7.1314267687471355,0.0,12.116093057349003,33.29511773786174,33.29511773786174,33.29511773786174,7.148397479842913
213,21.4,0.0,0.01,10000.0,7.148397479842913,0.0,12.116938591065017,33.29511773786174,33.29511773786174,33.29511773786174,7.165329176911552
214,21.5,0.0,0.01,10000.0,7.165329176911552,0.0,12.117784183773173,33.29511773786174,33.29511773786174,33.29511773786174,7.182222135955524
215,21.6,0.0,0.01,10000.0,7.182222135955524,0.0,12.118629835477597,33.29511773786174,33.29511773786174,33.29511773786174,7.199076629758373
216,21.7,0.0,0.01,10000.0,7.199076629758373,0.0,12.119475546182398,33.29511773786174,33.29511773786174,33.29511773786174,7.215892927936986
217,21.8,0.0,0.01,10000.0,7.215892927936986,0.0,12.120321315891708,33.29511773786174,33.29511773786174,33.29511773786174,7.232671296992779
218,21.9,0.0,0.01,10000.0,7.232671296992779,0.0,12.121167144609647,33.29511773786174,33.29511773786174,33.29511773786174,7.249412000361823
219,22.0,0.0,0.01,10000.0,7.249412000361823,0.0,12.122013032340332,33.29511773786174,33.29511773786174,33.29511773786174,7.266115298463943
220,22.1,0.0,0.01,10000.0,7.266115298463943,0.0,12.122858979087887,33.29511773786174,33.29511773786174,33.29511773786174,7.282781448750805
221,22.2,0.0,0.01,10000.0,7.282781448750805,0.0,12.123704984856435,33.29511773786174,33.29511773786174,33.29511773786174,7.299410705753026
222,22.3,0.0,0.01,10000.0,7.299410705753026,0.0,12.124551049650096,33.29511773786174,33.29511773786174,33.29511773786174,7.3160033211263205
223,22.4,0.0,0.01,10000.0,7.3160033211263205,0.0,12.125397173472994,33.29511773786174,33.29511773786174,33.29511773786174,7.332559543696726
224,22.5,0.0,0.01,10000.0,7.332559543696726,0.0,12.12624335632925,33.29511773786174,33.29511773786174,33.29511773786174,7.3490796195049075
225,22.6,0.0,0.01,10000.0,7.3490796195049075,0.0,12.12708959822299,33.29511773786174,33.29511773786174,33.29511773786174,7.3655637918495795
226,22.7,0.0,0.01,10000.0,7.3655637918495795,0.0,12.127935899158338,33.29511773786174,33.29511773786174,33.29511773786174,7.382012301330061
227,22.8,0.0,0.01,10000.0,7.382012301330061,0.0,12.128782259139417,33.29511773786174,33.29511773786174,33.29511773786174,7.3984253858879825
228,22.9,0.0,0.01,10000.0,7.3984253858879825,0.0,12.129628678170352,33.29511773786174,33.29511773786174,33.29511773786174,7.414803280848174
229,23.0,0.0,0.01,10000.0,7.414803280848174,0.0,12.130475156255265,33.29511773786174,33.29511773786174,33.29511773786174,7.431146218958743
230,23.1,0.0,0.01,10000.0,7.431146218958743,0.0,12.131321693398283,33.29511773786174,33.29511773786174,33.29511773786174,7.4474544304303665
231,23.2,0.0,0.01,10000.0,7.4474544304303665,0.0,12.132168289603529,33.29511773786174,33.29511773786174,33.29511773786174,7.463728142974823
232,23.3,0.0,0.01,10000.0,7.463728142974823,0.0,12.13301494487513,33.29511773786174,33.29511773786174,33.29511773786174,7.479967581842768
233,23.4,0.0,0.01,10000.0,7.479967581842768,0.0,12.13386165921721,33.29511773786174,33.29511773786174,33.29511773786174,7.496172969860782
234,23.5,0.0,0.01,10000.0,7.496172969860782,0.0,12.134708432633895,33.29511773786174,33.29511773786174,33.29511773786174,7.512344527467707
235,23.6,0.0,0.01,10000.0,7.512344527467707,0.0,12.135555265129309,33.29511773786174,33.29511773786174,33.29511773786174,7.528482472750279
236,23.7,0.0,0.01,10000.0,7.528482472750279,0.0,12.136402156707584,33.29511773786174,33.29511773786174,33.29511773786174,7.544587021478089
237,23.8,0.0,0.01,10000.0,7.544587021478089,0.0,12.137249107372842,33.29511773786174,33.29511773786174,33.29511773786174,7.5606583871378685
238,23.9,0.0,0.01,10000.0,7.5606583871378685,0.0,12.138096117129214,33.29511773786174,33.29511773786174,33.29511773786174,7.576696780967139
239,24.0,0.0,0.01,10000.0,7.576696780967139,0.0,12.138943185980825,33.29511773786174,33.29511773786174,33.29511773786174,7.592702411987213
240,24.1,0.0,0.01,10000.0,7.592702411987213,0.0,12.1397903139318,33.29511773786174,33.29511773786174,33.29511773786174,7.608675487035583
241,24.2,0.0,0.01,10000.0,7.608675487035583,0.0,12.140637500986271,33.29511773786174,33.29511773786174,33.29511773786174,7.624616210797704
242,24.3,0.0,0.01,10000.0,7.624616210797704,0.0,12.141484747148368,33.29511773786174,33.29511773786174,33.29511773786174,7.640524785838181
243,24.4,0.0,0.01,10000.0,7.640524785838181,0.0,12.142332052422208,33.29511773786174,33.29511773786174,33.29511773786174,7.656401412631382
244,24.5,0.0,0.01,10000.0,7.656401412631382,0.0,12.14317941681193,33.29511773786174,33.29511773786174,33.29511773786174,7.672246289591482
245,24.6,0.0,0.01,10000.0,7.672246289591482,0.0,12.144026840321663,33.29511773786174,33.29511773786174,33.29511773786174,7.688059613101955
246,24.7,0.0,0.01,10000.0,7.688059613101955,0.0,12.144874322955534,33.29511773786174,33.29511773786174,33.29511773786174,7.703841577544527
247,24.8,0.0,0.01,10000.0,7.703841577544527,0.0,12.145721864717673,33.29511773786174,33.29511773786174,33.29511773786174,7.719592375327598
248,24.9,0.0,0.01,10000.0,7.719592375327598,0.0,12.146569465612206,33.29511773786174,33.29511773786174,33.29511773786174,7.735312196914152
249,25.0,0.0,0.01,10000.0,7.735312196914152,0.0,12.147417125643267,33.29511773786174,33.29511773786174,33.29511773786174,7.751001230849157
250,25.1,0.0,0.01,10000.0,7.751001230849157,0.0,12.148264844814987,33.29511773786174,33.29511773786174,33.29511773786174,7.766659663786471
251,25.2,0.0,0.01,10000.0,7.766659663786471,0.0,12.149112623131494,33.29511773786174,33.29511773786174,33.29511773786174,7.782287680515268
252,25.3,0.0,0.01,10000.0,7.782287680515268,0.0,12.149960460596919,33.29511773786174,33.29511773786174,33.29511773786174,7.797885463985991
253,25.4,0.0,0.01,10000.0,7.797885463985991,0.0,12.150808357215396,33.29511773786174,33.29511773786174,33.29511773786174,7.813453195335839
254,25.5,0.0,0.01,10000.0,7.813453195335839,0.0,12.151656312991058,33.29511773786174,33.29511773786174,33.29511773786174,7.828991053913805
255,25.6,0.0,0.01,10000.0,7.828991053913805,0.0,12.152504327928034,33.29511773786174,33.29511773786174,33.29511773786174,7.8444992173052706
256,25.7,0.0,0.01,10000.0,7.8444992173052706,0.0,12.153352402030452,33.29511773786174,33.29511773786174,33.29511773786174,7.859977861356167
257,25.8,0.0,0.01,10000.0,7.859977861356167,0.0,12.154200535302452,33.29511773786174,33.29511773786174,33.29511773786174,7.87542716019671
258,25.9,0.0,0.01,10000.0,7.87542716019671,0.0,12.155048727748161,33.29511773786174,33.29511773786174,33.29511773786174,7.89084728626473
259,26.0,0.0,0.01,10000.0,7.89084728626473,0.0,12.155896979371716,33.29511773786174,33.29511773786174,33.29511773786174,7.90623841032858
260,26.1,0.0,0.01,10000.0,7.90623841032858,0.0,12.156745290177248,33.29511773786174,33.29511773786174,33.29511773786174,7.921600701509663
261,26.2,0.0,0.01,10000.0,7.921600701509663,0.0,12.157593660168894,33.29511773786174,33.29511773786174,33.29511773786174,7.936934327304554
262,26.3,0.0,0.01,10000.0,7.936934327304554,0.0,12.158442089350784,33.29511773786174,33.29511773786174,33.29511773786174,7.95223945360676
263,26.4,0.0,0.01,10000.0,7.95223945360676,0.0,12.159290577727049,33.29511773786174,33.29511773786174,33.29511773786174,7.967516244728088
264,26.5,0.0,0.01,10000.0,7.967516244728088,0.0,12.160139125301828,33.29511773786174,33.29511773786174,33.29511773786174,7.982764863419664
265,26.6,0.0,0.01,10000.0,7.982764863419664,0.0,12.160987732079256,33.29511773786174,33.29511773786174,33.29511773786174,7.997985470892582
266,26.7,0.0,0.01,10000.0,7.997985470892582,0.0,12.161836398063471,33.29511773786174,33.29511773786174,33.29511773786174,8.013178226838214
267,26.8,0.0,0.01,10000.0,8.013178226838214,0.0,12.162685123258603,33.29511773786174,33.29511773786174,33.29511773786174,8.028343289448166
268,26.9,0.0,0.01,10000.0,8.028343289448166,0.0,12.163533907668786,33.29511773786174,33.29511773786174,33.29511773786174,8.043480815433911
269,27.0,0.0,0.01,10000.0,8.043480815433911,0.0,12.164382751298163,33.29511773786174,33.29511773786174,33.29511773786174,8.05859096004608
270,27.1,0.0,0.01,10000.0,8.05859096004608,0.0,12.165231654150858,33.29511773786174,33.29511773786174,33.29511773786174,8.07367387709344
271,27.2,0.0,0.01,10000.0,8.07367387709344,0.0,12.166080616231023,33.29511773786174,33.29511773786174,33.29511773786174,8.088729718961556
272,27.3,0.0,0.01,10000.0,8.088729718961556,0.0,12.166929637542788,33.29511773786174,33.29511773786174,33.29511773786174,8.103758636631134
273,27.4,0.0,0.01,10000.0,8.103758636631134,0.0,12.167778718090286,33.29511773786174,33.29511773786174,33.29511773786174,8.118760779696078
274,27.5,0.0,0.01,10000.0,8.118760779696078,0.0,12.16862785787766,33.29511773786174,33.29511773786174,33.29511773786174,8.133736296381231
275,27.6,0.0,0.01,10000.0,8.133736296381231,0.0,12.169477056909045,33.29511773786174,33.29511773786174,33.29511773786174,8.14868533355984
276,27.7,0.0,0.01,10000.0,8.14868533355984,0.0,12.170326315188579,33.29511773786174,33.29511773786174,33.29511773786174,8.163608036770729
277,27.8,0.0,0.01,10000.0,8.163608036770729,0.0,12.171175632720399,33.29511773786174,33.29511773786174,33.29511773786174,8.178504550235196
278,27.9,0.0,0.01,10000.0,8.178504550235196,0.0,12.172025009508644,33.29511773786174,33.29511773786174,33.29511773786174,8.193375016873631
279,28.0,0.0,0.01,10000.0,8.193375016873631,0.0,12.172874445557454,33.29511773786174,33.29511773786174,33.29511773786174,8.208219578321867
280,28.1,0.0,0.01,10000.0,8.208219578321867,0.0,12.173723940870968,33.29511773786174,33.29511773786174,33.29511773786174,8.223038374947272
281,28.2,0.0,0.01,10000.0,8.223038374947272,0.0,12.174573495453323,33.29511773786174,33.29511773786174,33.29511773786174,8.237831545864582
282,28.3,0.0,0.01,10000.0,8.237831545864582,0.0,12.175423109308662,33.29511773786174,33.29511773786174,33.29511773786174,8.252599228951475
283,28.4,0.0,0.01,10000.0,8.252599228951475,0.0,12.176272782441128,33.29511773786174,33.29511773786174,33.29511773786174,8.267341560863901
284,28.5,0.0,0.01,10000.0,8.267341560863901,0.0,12.17712251485485,33.29511773786174,33.29511773786174,33.29511773786174,8.282058677051173
285,28.6,0.0,0.01,10000.0,8.282058677051173,0.0,12.177972306553974,33.29511773786174,33.29511773786174,33.29511773786174,8.296750711770812
286,28.7,0.0,0.01,10000.0,8.296750711770812,0.0,12.17882215754264,33.29511773786174,33.29511773786174,33.29511773786174,8.311417798103161
287,28.8,0.0,0.01,10000.0,8.311417798103161,0.0,12.179672067824997,33.29511773786174,33.29511773786174,33.29511773786174,8.326060067965766
288,28.9,0.0,0.01,10000.0,8.326060067965766,0.0,12.180522037405177,33.29511773786174,33.29511773786174,33.29511773786174,8.340677652127544
289,29.0,0.0,0.01,10000.0,8.340677652127544,0.0,12.181372066287324,33.29511773786174,33.29511773786174,33.29511773786174,8.355270680222715
290,29.1,0.0,0.01,10000.0,8.355270680222715,0.0,12.182222154475582,33.29511773786174,33.29511773786174,33.29511773786174,8.369839280764525
291,29.2,0.0,0.01,10000.0,8.369839280764525,0.0,12.183072301974091,33.29511773786174,33.29511773786174,33.29511773786174,8.384383581158758
292,29.3,0.0,0.01,10000.0,8.384383581158758,0.0,12.183922508786994,33.29511773786174,33.29511773786174,33.29511773786174,8.398903707717034
293,29.4,0.0,0.01,10000.0,8.398903707717034,0.0,12.184772774918436,33.29511773786174,33.29511773786174,33.29511773786174,8.413399785669904
294,29.5,0.0,0.01,10000.0,8.413399785669904,0.0,12.185623100372554,33.29511773786174,33.29511773786174,33.29511773786174,8.42787193917975
295,29.6,0.0,0.01,10000.0,8.42787193917975,0.0,12.186473485153492,33.29511773786174,33.29511773786174,33.29511773786174,8.442320291353484
296,29.7,0.0,0.01,10000.0,8.442320291353484,0.0,12.1873239292654,33.29511773786174,33.29511773786174,33.29511773786174,8.456744964255043
297,29.8,0.0,0.01,10000.0,8.456744964255043,0.0,12.188174432712419,33.29511773786174,33.29511773786174,33.29511773786174,8.471146078917716
298,29.9,0.0,0.01,10000.0,8.471146078917716,0.0,12.189024995498693,33.29511773786174,33.29511773786174,33.29511773786174,8.485523755356269
299,30.0,0.0,0.01,10000.0,8.485523755356269,0.0,12.189875617628367,33.29511773786174,33.29511773786174,33.29511773786174,8.499878112578891
300,30.1,0.0,0.01,10000.0,8.499878112578891,0.0,12.190726299105584,33.29511773786174,33.29511773786174,33.29511773786174,8.514209268598957
301,30.2,0.0,0.01,10000.0,8.514209268598957,0.0,12.19157703993449,33.29511773786174,33.29511773786174,33.29511773786174,8.528517340446625
302,30.3,0.0,0.01,10000.0,8.528517340446625,0.0,12.192427840119231,33.29511773786174,33.29511773786174,33.29511773786174,8.54280244418025
303,30.4,0.0,0.01,10000.0,8.54280244418025,0.0,12.19327869966395,33.29511773786174,33.29511773786174,33.29511773786174,8.557064694897633
304,30.5,0.0,0.01,10000.0,8.557064694897633,0.0,12.194129618572802,33.29511773786174,33.29511773786174,33.29511773786174,8.571304206747099
305,30.6,0.0,0.01,10000.0,8.571304206747099,0.0,12.194980596849918,33.29511773786174,33.29511773786174,33.29511773786174,8.58552109293842
306,30.7,0.0,0.01,10000.0,8.58552109293842,0.0,12.195831634499456,33.29511773786174,33.29511773786174,33.29511773786174,8.599715465753563
307,30.8,0.0,0.01,10000.0,8.599715465753563,0.0,12.196682731525557,33.29511773786174,33.29511773786174,33.29511773786174,8.613887436557299
308,30.9,0.0,0.01,10000.0,8.613887436557299,0.0,12.197533887932376,33.29511773786174,33.29511773786174,33.29511773786174,8.628037115807636
309,31.0,0.0,0.01,10000.0,8.628037115807636,0.0,12.19838510372405,33.29511773786174,33.29511773786174,33.29511773786174,8.642164613066118
310,31.1,0.0,0.01,10000.0,8.642164613066118,0.0,12.199236378904734,33.29511773786174,33.29511773786174,33.29511773786174,8.656270037007962
311,31.2,0.0,0.01,10000.0,8.656270037007962,0.0,12.200087713478574,33.29511773786174,33.29511773786174,33.29511773786174,8.670353495432053
312,31.3,0.0,0.01,10000.0,8.670353495432053,0.0,12.200939107449715,33.29511773786174,33.29511773786174,33.29511773786174,8.684415095270797
313,31.4,0.0,0.01,10000.0,8.684415095270797,0.0,12.20179056082231,33.29511773786174,33.29511773786174,33.29511773786174,8.698454942599824
314,31.5,0.0,0.01,10000.0,8.698454942599824,0.0,12.202642073600506,33.29511773786174,33.29511773786174,33.29511773786174,8.71247314264756
315,31.6,0.0,0.01,10000.0,8.71247314264756,0.0,12.203493645788452,33.29511773786174,33.29511773786174,33.29511773786174,8.726469799804665
316,31.7,0.0,0.01,10000.0,8.726469799804665,0.0,12.204345277390296,33.29511773786174,33.29511773786174,33.29511773786174,8.740445017633316
317,31.8,0.0,0.01,10000.0,8.740445017633316,0.0,12.20519696841019,33.29511773786174,33.29511773786174,33.29511773786174,8.754398898876387
318,31.9,0.0,0.01,10000.0,8.754398898876387,0.0,12.206048718852283,33.29511773786174,33.29511773786174,33.29511773786174,8.768331545466475
319,32.0,0.0,0.01,10000.0,8.768331545466475,0.0,12.206900528720727,33.29511773786174,33.29511773786174,33.29511773786174,8.782243058534812
320,32.1,0.0,0.01,10000.0,8.782243058534812,0.0,12.207752398019666,33.29511773786174,33.29511773786174,33.29511773786174,8.796133538420046
321,32.2,0.0,0.01,10000.0,8.796133538420046,0.0,12.208604326753258,33.29511773786174,33.29511773786174,33.29511773786174,8.810003084676898
322,32.3,0.0,0.01,10000.0,8.810003084676898,0.0,12.209456314925651,33.29511773786174,33.29511773786174,33.29511773786174,8.823851796084705
323,32.4,0.0,0.01,10000.0,8.823851796084705,0.0,12.210308362541,33.29511773786174,33.29511773786174,33.29511773786174,8.837679770655834
324,32.5,0.0,0.01,10000.0,8.837679770655834,0.0,12.211160469603447,33.29511773786174,33.29511773786174,33.29511773786174,8.851487105643983
325,32.6,0.0,0.01,10000.0,8.851487105643983,0.0,12.212012636117159,33.29511773786174,33.29511773786174,33.29511773786174,8.865273897552372
326,32.7,0.0,0.01,10000.0,8.865273897552372,0.0,12.212864862086274,33.29511773786174,33.29511773786174,33.29511773786174,8.879040242141812
327,32.8,0.0,0.01,10000.0,8.879040242141812,0.0,12.213717147514958,33.29511773786174,33.29511773786174,33.29511773786174,8.892786234438669
328,32.9,0.0,0.01,10000.0,8.892786234438669,0.0,12.21456949240735,33.29511773786174,33.29511773786174,33.29511773786174,8.906511968742715
329,33.0,0.0,0.01,10000.0,8.906511968742715,0.0,12.215421896767609,33.29511773786174,33.29511773786174,33.29511773786174,8.920217538634875
330,33.1,0.0,0.01,10000.0,8.920217538634875,0.0,12.216274360599892,33.29511773786174,33.29511773786174,33.29511773786174,8.933903036984864
331,33.2,0.0,0.01,10000.0,8.933903036984864,0.0,12.217126883908344,33.29511773786174,33.29511773786174,33.29511773786174,8.947568555958725
332,33.3,0.0,0.01,10000.0,8.947568555958725,0.0,12.217979466697132,33.29511773786174,33.29511773786174,33.29511773786174,8.96121418702626
333,33.4,0.0,0.01,10000.0,8.96121418702626,0.0,12.2188321089704,33.29511773786174,33.29511773786174,33.29511773786174,8.97484002096836
334,33.5,0.0,0.01,10000.0,8.97484002096836,0.0,12.219684810732304,33.29511773786174,33.29511773786174,33.29511773786174,8.988446147884243
335,33.6,0.0,0.01,10000.0,8.988446147884243,0.0,12.220537571987,33.29511773786174,33.29511773786174,33.29511773786174,9.002032657198587
336,33.7,0.0,0.01,10000.0,9.002032657198587,0.0,12.221390392738641,33.29511773786174,33.29511773786174,33.29511773786174,9.015599637668572
337,33.8,0.0,0.01,10000.0,9.015599637668572,0.0,12.222243272991388,33.29511773786174,33.29511773786174,33.29511773786174,9.029147177390824
338,33.9,0.0,0.01,10000.0,9.029147177390824,0.0,12.223096212749393,33.29511773786174,33.29511773786174,33.29511773786174,9.04267536380827
339,34.0,0.0,0.01,10000.0,9.04267536380827,0.0,12.223949212016812,33.29511773786174,33.29511773786174,33.29511773786174,9.0561842837169
340,34.1,0.0,0.01,10000.0,9.0561842837169,0.0,12.224802270797797,33.29511773786174,33.29511773786174,33.29511773786174,9.069674023272443
341,34.2,0.0,0.01,10000.0,9.069674023272443,0.0,12.225655389096513,33.29511773786174,33.29511773786174,33.29511773786174,9.083144667996942
342,34.3,0.0,0.01,10000.0,9.083144667996942,0.0,12.226508566917119,33.29511773786174,33.29511773786174,33.29511773786174,9.096596302785265
343,34.4,0.0,0.01,10000.0,9.096596302785265,0.0,12.227361804263762,33.29511773786174,33.29511773786174,33.29511773786174,9.110029011911509
344,34.5,0.0,0.01,10000.0,9.110029011911509,0.0,12.228215101140604,33.29511773786174,33.29511773786174,33.29511773786174,9.123442879035327
345,34.6,0.0,0.01,10000.0,9.123442879035327,0.0,12.2290684575518,33.29511773786174,33.29511773786174,33.29511773786174,9.136837987208182
346,34.7,0.0,0.01,10000.0,9.136837987208182,0.0,12.22992187350151,33.29511773786174,33.29511773786174,33.29511773786174,9.150214418879502
347,34.8,0.0,0.01,10000.0,9.150214418879502,0.0,12.230775348993895,33.29511773786174,33.29511773786174,33.29511773786174,9.163572255902771
348,34.9,0.0,0.01,10000.0,9.163572255902771,0.0,12.23162888403311,33.29511773786174,33.29511773786174,33.29511773786174,9.176911579541533
349,35.0,0.0,0.01,10000.0,9.176911579541533,0.0,12.232482478623316,33.29511773786174,33.29511773786174,33.29511773786174,9.190232470475317
350,35.1,0.0,0.01,10000.0,9.190232470475317,0.0,12.23333613276867,33.29511773786174,33.29511773786174,33.29511773786174,9.203535008805492
351,35.2,0.0,0.01,10000.0,9.203535008805492,0.0,12.234189846473335,33.29511773786174,33.29511773786174,33.29511773786174,9.216819274061043
352,35.3,0.0,0.01,10000.0,9.216819274061043,0.0,12.235043619741464,33.29511773786174,33.29511773786174,33.29511773786174,9.230085345204273
353,35.4,0.0,0.01,10000.0,9.230085345204273,0.0,12.235897452577227,33.29511773786174,33.29511773786174,33.29511773786174,9.243333300636431
354,35.5,0.0,0.01,10000.0,9.243333300636431,0.0,12.236751344984773,33.29511773786174,33.29511773786174,33.29511773786174,9.256563218203274
355,35.6,0.0,0.01,10000.0,9.256563218203274,0.0,12.237605296968274,33.29511773786174,33.29511773786174,33.29511773786174,9.26977517520055
356,35.7,0.0,0.01,10000.0,9.26977517520055,0.0,12.238459308531882,33.29511773786174,33.29511773786174,33.29511773786174,9.282969248379422
357,35.8,0.0,0.01,10000.0,9.282969248379422,0.0,12.239313379679762,33.29511773786174,33.29511773786174,33.29511773786174,9.296145513951808
358,35.9,0.0,0.01,10000.0,9.296145513951808,0.0,12.240167510416079,33.29511773786174,33.29511773786174,33.29511773786174,9.309304047595676
359,36.0,0.0,0.01,10000.0,9.309304047595676,0.0,12.241021700744989,33.29511773786174,33.29511773786174,33.29511773786174,9.32244492446025
360,36.1,0.0,0.01,10000.0,9.32244492446025,0.0,12.241875950670654,33.29511773786174,33.29511773786174,33.29511773786174,9.335568219171162
361,36.2,0.0,0.01,10000.0,9.335568219171162,0.0,12.242730260197238,33.29511773786174,33.29511773786174,33.29511773786174,9.348674005835544
362,36.3,0.0,0.01,10000.0,9.348674005835544,0.0,12.243584629328907,33.29511773786174,33.29511773786174,33.29511773786174,9.361762358047047
363,36.4,0.0,0.01,10000.0,9.361762358047047,0.0,12.244439058069817,33.29511773786174,33.29511773786174,33.29511773786174,9.3748333488908
364,36.5,0.0,0.01,10000.0,9.3748333488908,0.0,12.245293546424138,33.29511773786174,33.29511773786174,33.29511773786174,9.387887050948313
365,36.6,0.0,0.01,10000.0,9.387887050948313,0.0,12.246148094396032,33.29511773786174,33.29511773786174,33.29511773786174,9.400923536302313
366,36.7,0.0,0.01,10000.0,9.400923536302313,0.0,12.24700270198966,33.29511773786174,33.29511773786174,33.29511773786174,9.413942876541528
367,36.8,0.0,0.01,10000.0,9.413942876541528,0.0,12.247857369209182,33.29511773786174,33.29511773786174,33.29511773786174,9.4269451427654
368,36.9,0.0,0.01,10000.0,9.4269451427654,0.0,12.248712096058771,33.29511773786174,33.29511773786174,33.29511773786174,9.43993040558875
369,37.0,0.0,0.01,10000.0,9.43993040558875,0.0,12.249566882542588,33.29511773786174,33.29511773786174,33.29511773786174,9.452898735146393
370,37.1,0.0,0.01,10000.0,9.452898735146393,0.0,12.2504217286648,33.29511773786174,33.29511773786174,33.29511773786174,9.465850201097673
371,37.2,0.0,0.01,10000.0,9.465850201097673,0.0,12.25127663442957,33.29511773786174,33.29511773786174,33.29511773786174,9.478784872630968
372,37.3,0.0,0.01,10000.0,9.478784872630968,0.0,12.252131599841066,33.29511773786174,33.29511773786174,33.29511773786174,9.491702818468124
373,37.4,0.0,0.01,10000.0,9.491702818468124,0.0,12.252986624903448,33.29511773786174,33.29511773786174,33.29511773786174,9.504604106868847
374,37.5,0.0,0.01,10000.0,9.504604106868847,0.0,12.253841709620884,33.29511773786174,33.29511773786174,33.29511773786174,9.517488805635029
375,37.6,0.0,0.01,10000.0,9.517488805635029,0.0,12.25469685399755,33.29511773786174,33.29511773786174,33.29511773786174,9.530356982115038
376,37.7,0.0,0.01,10000.0,9.530356982115038,0.0,12.255552058037603,33.29511773786174,33.29511773786174,33.29511773786174,9.54320870320794
377,37.8,0.0,0.01,10000.0,9.54320870320794,0.0,12.25640732174521,33.29511773786174,33.29511773786174,33.29511773786174,9.556044035367682
378,37.9,0.0,0.01,10000.0,9.556044035367682,0.0,12.25726264512454,33.29511773786174,33.29511773786174,33.29511773786174,9.568863044607225
379,38.0,0.0,0.01,10000.0,9.568863044607225,0.0,12.258118028179764,33.29511773786174,33.29511773786174,33.29511773786174,9.581665796502618
380,38.1,0.0,0.01,10000.0,9.581665796502618,0.0,12.258973470915043,33.29511773786174,33.29511773786174,33.29511773786174,9.594452356197035
381,38.2,0.0,0.01,10000.0,9.594452356197035,0.0,12.25982897333455,33.29511773786174,33.29511773786174,33.29511773786174,9.607222788404759
382,38.3,0.0,0.01,10000.0,9.607222788404759,0.0,12.26068453544245,33.29511773786174,33.29511773786174,33.29511773786174,9.619977157415114
383,38.4,0.0,0.01,10000.0,9.619977157415114,0.0,12.261540157242916,33.29511773786174,33.29511773786174,33.29511773786174,9.632715527096364
384,38.5,0.0,0.01,10000.0,9.632715527096364,0.0,12.262395838740115,33.29511773786174,33.29511773786174,33.29511773786174,9.645437960899553
385,38.6,0.0,0.01,10000.0,9.645437960899553,0.0,12.263251579938217,33.29511773786174,33.29511773786174,33.29511773786174,9.65814452186231
386,38.7,0.0,0.01,10000.0,9.65814452186231,0.0,12.264107380841393,33.29511773786174,33.29511773786174,33.29511773786174,9.6708352726126
387,38.8,0.0,0.01,10000.0,9.6708352726126,0.0,12.26496324145381,33.29511773786174,33.29511773786174,33.29511773786174,9.683510275372438
388,38.9,0.0,0.01,10000.0,9.683510275372438,0.0,12.265819161779632,33.29511773786174,33.29511773786174,33.29511773786174,9.696169591961562
389,39.0,0.0,0.01,10000.0,9.696169591961562,0.0,12.266675141823038,33.29511773786174,33.29511773786174,33.29511773786174,9.708813283801055
390,39.1,0.0,0.01,10000.0,9.708813283801055,0.0,12.267531181588202,33.29511773786174,33.29511773786174,33.29511773786174,9.72144141191693
391,39.2,0.0,0.01,10000.0,9.72144141191693,0.0,12.268387281079288,33.29511773786174,33.29511773786174,33.29511773786174,9.734054036943673
392,39.3,0.0,0.01,10000.0,9.734054036943673,0.0,12.269243440300468,33.29511773786174,33.29511773786174,33.29511773786174,9.746651219127754
393,39.4,0.0,0.01,10000.0,9.746651219127754,0.0,12.270099659255918,33.29511773786174,33.29511773786174,33.29511773786174,9.759233018331079
394,39.5,0.0,0.01,10000.0,9.759233018331079,0.0,12.270955937949802,33.29511773786174,33.29511773786174,33.29511773786174,9.771799494034417
395,39.6,0.0,0.01,10000.0,9.771799494034417,0.0,12.271812276386301,33.29511773786174,33.29511773786174,33.29511773786174,9.784350705340783
396,39.7,0.0,0.01,10000.0,9.784350705340783,0.0,12.27266867456958,33.29511773786174,33.29511773786174,33.29511773786174,9.796886710978788
397,39.8,0.0,0.01,10000.0,9.796886710978788,0.0,12.273525132503819,33.29511773786174,33.29511773786174,33.29511773786174,9.809407569305938
398,39.9,0.0,0.01,10000.0,9.809407569305938,0.0,12.274381650193183,33.29511773786174,33.29511773786174,33.29511773786174,9.821913338311912
399,40.0,0.0,0.01,10000.0,9.821913338311912,0.0,12.275238227641854,33.29511773786174,33.29511773786174,33.29511773786174,9.834404075621793
400,40.1,0.0,0.01,10000.0,9.834404075621793,0.0,12.276094864853997,33.29511773786174,33.29511773786174,33.29511773786174,9.846879838499259
401,40.2,0.0,0.01,10000.0,9.846879838499259,0.0,12.276951561833792,33.29511773786174,33.29511773786174,33.29511773786174,9.859340683849751
402,40.3,0.0,0.01,10000.0,9.859340683849751,0.0,12.277808318585414,33.29511773786174,33.29511773786174,33.29511773786174,9.871786668223598
403,40.4,0.0,0.01,10000.0,9.871786668223598,0.0,12.278665135113034,33.29511773786174,33.29511773786174,33.29511773786174,9.884217847819096
404,40.5,0.0,0.01,10000.0,9.884217847819096,0.0,12.279522011420827,33.29511773786174,33.29511773786174,33.29511773786174,9.896634278485582
405,40.6,0.0,0.01,10000.0,9.896634278485582,0.0,12.28037894751296,33.29511773786174,33.29511773786174,33.29511773786174,9.90903601572644
406,40.7,0.0,0.01,10000.0,9.90903601572644,0.0,12.281235943393627,33.29511773786174,33.29511773786174,33.29511773786174,9.921423114702096
407,40.8,0.0,0.01,10000.0,9.921423114702096,0.0,12.282092999066991,33.29511773786174,33.29511773786174,33.29511773786174,9.933795630232977
408,40.9,0.0,0.01,10000.0,9.933795630232977,0.0,12.28295011453723,33.29511773786174,33.29511773786174,33.29511773786174,9.946153616802425
409,41.0,0.0,0.01,10000.0,9.946153616802425,0.0,12.28380728980852,33.29511773786174,33.29511773786174,33.29511773786174,9.958497128559593
410,41.1,0.0,0.01,10000.0,9.958497128559593,0.0,12.28466452488504,33.29511773786174,33.29511773786174,33.29511773786174,9.970826219322301
411,41.2,0.0,0.01,10000.0,9.970826219322301,0.0,12.285521819770967,33.29511773786174,33.29511773786174,33.29511773786174,9.983140942579869
412,41.3,0.0,0.01,10000.0,9.983140942579869,0.0,12.286379174470474,33.29511773786174,33.29511773786174,33.29511773786174,9.995441351495902
413,41.4,0.0,0.01,10000.0,9.995441351495902,0.0,12.287236588987739,33.29511773786174,33.29511773786174,33.29511773786174,10.007727498911068
414,41.5,0.0,0.01,10000.0,10.007727498911068,0.0,12.288094063326945,33.29511773786174,33.29511773786174,33.29511773786174,10.019999437345824
415,41.6,0.0,0.01,10000.0,10.019999437345824,0.0,12.288951597492265,33.29511773786174,33.29511773786174,33.29511773786174,10.032257219003128
416,41.7,0.0,0.01,10000.0,10.032257219003128,0.0,12.289809191487876,33.29511773786174,33.29511773786174,33.29511773786174,10.044500895771115
417,41.8,0.0,0.01,10000.0,10.044500895771115,0.0,12.290666845317961,33.29511773786174,33.29511773786174,33.29511773786174,10.056730519225741
418,41.9,0.0,0.01,10000.0,10.056730519225741,0.0,12.291524558986694,33.29511773786174,33.29511773786174,33.29511773786174,10.06894614063341
419,42.0,0.0,0.01,10000.0,10.06894614063341,0.0,12.29238233249826,33.29511773786174,33.29511773786174,33.29511773786174,10.081147810953551
420,42.1,0.0,0.01,10000.0,10.081147810953551,0.0,12.293240165856835,33.29511773786174,33.29511773786174,33.29511773786174,10.093335580841197
421,42.2,0.0,0.01,10000.0,10.093335580841197,0.0,12.294098059066602,33.29511773786174,33.29511773786174,33.29511773786174,10.105509500649513
422,42.3,0.0,0.01,10000.0,10.105509500649513,0.0,12.294956012131737,33.29511773786174,33.29511773786174,33.29511773786174,10.1176696204323
423,42.4,0.0,0.01,10000.0,10.1176696204323,0.0,12.295814025056421,33.29511773786174,33.29511773786174,33.29511773786174,10.12981598994649
424,42.5,0.0,0.01,10000.0,10.12981598994649,0.0,12.296672097844834,33.29511773786174,33.29511773786174,33.29511773786174,10.14194865865459
425,42.6,0.0,0.01,10000.0,10.14194865865459,0.0,12.297530230501158,33.29511773786174,33.29511773786174,33.29511773786174,10.154067675727113
426,42.7,0.0,0.01,10000.0,10.154067675727113,0.0,12.298388423029577,33.29511773786174,33.29511773786174,33.29511773786174,10.16617309004499
427,42.8,0.0,0.01,10000.0,10.16617309004499,0.0,12.299246675434265,33.29511773786174,33.29511773786174,33.29511773786174,10.17826495020194
428,42.9,0.0,0.01,10000.0,10.17826495020194,0.0,12.300104987719413,33.29511773786174,33.29511773786174,33.29511773786174,10.190343304506825
429,43.0,0.0,0.01,10000.0,10.190343304506825,0.0,12.300963359889192,33.29511773786174,33.29511773786174,33.29511773786174,10.202408200985984
430,43.1,0.0,0.01,10000.0,10.202408200985984,0.0,12.301821791947797,33.29511773786174,33.29511773786174,33.29511773786174,10.214459687385526
431,43.2,0.0,0.01,10000.0,10.214459687385526,0.0,12.302680283899406,33.29511773786174,33.29511773786174,33.29511773786174,10.226497811173626
432,43.3,0.0,0.01,10000.0,10.226497811173626,0.0,12.303538835748194,33.29511773786174,33.29511773786174,33.29511773786174,10.238522619542769
433,43.4,0.0,0.01,10000.0,10.238522619542769,0.0,12.304397447498353,33.29511773786174,33.29511773786174,33.29511773786174,10.250534159411988
434,43.5,0.0,0.01,10000.0,10.250534159411988,0.0,12.305256119154063,33.29511773786174,33.29511773786174,33.29511773786174,10.262532477429069
435,43.6,0.0,0.01,10000.0,10.262532477429069,0.0,12.306114850719508,33.29511773786174,33.29511773786174,33.29511773786174,10.274517619972745
436,43.7,0.0,0.01,10000.0,10.274517619972745,0.0,12.306973642198876,33.29511773786174,33.29511773786174,33.29511773786174,10.286489633154856
437,43.8,0.0,0.01,10000.0,10.286489633154856,0.0,12.307832493596347,33.29511773786174,33.29511773786174,33.29511773786174,10.298448562822491
438,43.9,0.0,0.01,10000.0,10.298448562822491,0.0,12.308691404916106,33.29511773786174,33.29511773786174,33.29511773786174,10.310394454560111
439,44.0,0.0,0.01,10000.0,10.310394454560111,0.0,12.30955037616234,33.29511773786174,33.29511773786174,33.29511773786174,10.322327353691641
440,44.1,0.0,0.01,10000.0,10.322327353691641,0.0,12.31040940733923,33.29511773786174,33.29511773786174,33.29511773786174,10.334247305282553
441,44.2,0.0,0.01,10000.0,10.334247305282553,0.0,12.311268498450966,33.29511773786174,33.29511773786174,33.29511773786174,10.346154354141916
442,44.3,0.0,0.01,10000.0,10.346154354141916,0.0,12.31212764950173,33.29511773786174,33.29511773786174,33.29511773786174,10.358048544824436
443,44.4,0.0,0.01,10000.0,10.358048544824436,0.0,12.312986860495714,33.29511773786174,33.29511773786174,33.29511773786174,10.369929921632467
444,44.5,0.0,0.01,10000.0,10.369929921632467,0.0,12.313846131437101,33.29511773786174,33.29511773786174,33.29511773786174,10.381798528618004
445,44.6,0.0,0.01,10000.0,10.381798528618004,0.0,12.314705462330073,33.29511773786174,33.29511773786174,33.29511773786174,10.393654409584654
446,44.7,0.0,0.01,10000.0,10.393654409584654,0.0,12.315564853178829,33.29511773786174,33.29511773786174,33.29511773786174,10.405497608089595
447,44.8,0.0,0.01,10000.0,10.405497608089595,0.0,12.316424303987546,33.29511773786174,33.29511773786174,33.29511773786174,10.417328167445504
448,44.9,0.0,0.01,10000.0,10.417328167445504,0.0,12.317283814760412,33.29511773786174,33.29511773786174,33.29511773786174,10.429146130722474
449,45.0,0.0,0.01,10000.0,10.429146130722474,0.0,12.318143385501612,33.29511773786174,33.29511773786174,33.29511773786174,10.440951540749907
450,45.1,0.0,0.01,10000.0,10.440951540749907,0.0,12.319003016215344,33.29511773786174,33.29511773786174,33.29511773786174,10.452744440118392
451,45.2,0.0,0.01,10000.0,10.452744440118392,0.0,12.319862706905793,33.29511773786174,33.29511773786174,33.29511773786174,10.464524871181563
452,45.3,0.0,0.01,10000.0,10.464524871181563,0.0,12.320722457577148,33.29511773786174,33.29511773786174,33.29511773786174,10.476292876057931
453,45.4,0.0,0.01,10000.0,10.476292876057931,0.0,12.321582268233593,33.29511773786174,33.29511773786174,33.29511773786174,10.488048496632715
454,45.5,0.0,0.01,10000.0,10.488048496632715,0.0,12.322442138879325,33.29511773786174,33.29511773786174,33.29511773786174,10.499791774559633
455,45.6,0.0,0.01,10000.0,10.499791774559633,0.0,12.323302069518519,33.29511773786174,33.29511773786174,33.29511773786174,10.511522751262694
456,45.7,0.0,0.01,10000.0,10.511522751262694,0.0,12.324162060155384,33.29511773786174,33.29511773786174,33.29511773786174,10.523241467937963
457,45.8,0.0,0.01,10000.0,10.523241467937963,0.0,12.325022110794098,33.29511773786174,33.29511773786174,33.29511773786174,10.534947965555308
458,45.9,0.0,0.01,10000.0,10.534947965555308,0.0,12.325882221438853,33.29511773786174,33.29511773786174,33.29511773786174,10.546642284860134
459,46.0,0.0,0.01,10000.0,10.546642284860134,0.0,12.326742392093847,33.29511773786174,33.29511773786174,33.29511773786174,10.558324466375101
460,46.1,0.0,0.01,10000.0,10.558324466375101,0.0,12.327602622763264,33.29511773786174,33.29511773786174,33.29511773786174,10.569994550401816
461,46.2,0.0,0.01,10000.0,10.569994550401816,0.0,12.328462913451295,33.29511773786174,33.29511773786174,33.29511773786174,10.58165257702252
462,46.3,0.0,0.01,10000.0,10.58165257702252,0.0,12.329323264162134,33.29511773786174,33.29511773786174,33.29511773786174,10.593298586101751
463,46.4,0.0,0.01,10000.0,10.593298586101751,0.0,12.33018367489997,33.29511773786174,33.29511773786174,33.29511773786174,10.604932617287991
464,46.5,0.0,0.01,10000.0,10.604932617287991,0.0,12.331044145669004,33.29511773786174,33.29511773786174,33.29511773786174,10.616554710015306
465,46.6,0.0,0.01,10000.0,10.616554710015306,0.0,12.331904676473417,33.29511773786174,33.29511773786174,33.29511773786174,10.628164903504956
466,46.7,0.0,0.01,10000.0,10.628164903504956,0.0,12.332765267317406,33.29511773786174,33.29511773786174,33.29511773786174,10.639763236767001
467,46.8,0.0,0.01,10000.0,10.639763236767001,0.0,12.333625918205165,33.29511773786174,33.29511773786174,33.29511773786174,10.651349748601884
468,46.9,0.0,0.01,10000.0,10.651349748601884,0.0,12.33448662914089,33.29511773786174,33.29511773786174,33.29511773786174,10.662924477602004
469,47.0,0.0,0.01,10000.0,10.662924477602004,0.0,12.335347400128773,33.29511773786174,33.29511773786174,33.29511773786174,10.674487462153275
470,47.1,0.0,0.01,10000.0,10.674487462153275,0.0,12.336208231173003,33.29511773786174,33.29511773786174,33.29511773786174,10.686038740436654
471,47.2,0.0,0.01,10000.0,10.686038740436654,0.0,12.337069122277782,33.29511773786174,33.29511773786174,33.29511773786174,10.697578350429687
472,47.3,0.0,0.01,10000.0,10.697578350429687,0.0,12.337930073447302,33.29511773786174,33.29511773786174,33.29511773786174,10.709106329908003
473,47.4,0.0,0.01,10000.0,10.709106329908003,0.0,12.338791084685754,33.29511773786174,33.29511773786174,33.29511773786174,10.72062271644682
474,47.5,0.0,0.01,10000.0,10.72062271644682,0.0,12.339652155997333,33.29511773786174,33.29511773786174,33.29511773786174,10.732127547422428
475,47.6,0.0,0.01,10000.0,10.732127547422428,0.0,12.340513287386239,33.29511773786174,33.29511773786174,33.29511773786174,10.743620860013651
476,47.7,0.0,0.01,10000.0,10.743620860013651,0.0,12.341374478856663,33.29511773786174,33.29511773786174,33.29511773786174,10.755102691203312
477,47.8,0.0,0.01,10000.0,10.755102691203312,0.0,12.342235730412808,33.29511773786174,33.29511773786174,33.29511773786174,10.766573077779665
478,47.9,0.0,0.01,10000.0,10.766573077779665,0.0,12.343097042058867,33.29511773786174,33.29511773786174,33.29511773786174,10.77803205633783
479,48.0,0.0,0.01,10000.0,10.77803205633783,0.0,12.343958413799033,33.29511773786174,33.29511773786174,33.29511773786174,10.7894796632812
480,48.1,0.0,0.01,10000.0,10.7894796632812,0.0,12.344819845637504,33.29511773786174,33.29511773786174,33.29511773786174,10.80091593482285
481,48.2,0.0,0.01,10000.0,10.80091593482285,0.0,12.345681337578483,33.29511773786174,33.29511773786174,33.29511773786174,10.812340906986918
482,48.3,0.0,0.01,10000.0,10.812340906986918,0.0,12.34654288962616,33.29511773786174,33.29511773786174,33.29511773786174,10.823754615609982
483,48.4,0.0,0.01,10000.0,10.823754615609982,0.0,12.34740450178474,33.29511773786174,33.29511773786174,33.29511773786174,10.835157096342423
484,48.5,0.0,0.01,10000.0,10.835157096342423,0.0,12.348266174058415,33.29511773786174,33.29511773786174,33.29511773786174,10.846548384649772
485,48.6,0.0,0.01,10000.0,10.846548384649772,0.0,12.349127906451384,33.29511773786174,33.29511773786174,33.29511773786174,10.857928515814052
486,48.7,0.0,0.01,10000.0,10.857928515814052,0.0,12.349989698967844,33.29511773786174,33.29511773786174,33.29511773786174,10.869297524935096
487,48.8,0.0,0.01,10000.0,10.869297524935096,0.0,12.350851551612003,33.29511773786174,33.29511773786174,33.29511773786174,10.880655446931861
488,48.9,0.0,0.01,10000.0,10.880655446931861,0.0,12.35171346438805,33.29511773786174,33.29511773786174,33.29511773786174,10.89200231654373
489,49.0,0.0,0.01,10000.0,10.89200231654373,0.0,12.352575437300187,33.29511773786174,33.29511773786174,33.29511773786174,10.903338168331798
490,49.1,0.0,0.01,10000.0,10.903338168331798,0.0,12.353437470352615,33.29511773786174,33.29511773786174,33.29511773786174,10.914663036680151
491,49.2,0.0,0.01,10000.0,10.914663036680151,0.0,12.35429956354954,33.29511773786174,33.29511773786174,33.29511773786174,10.925976955797129
492,49.3,0.0,0.01,10000.0,10.925976955797129,0.0,12.355161716895152,33.29511773786174,33.29511773786174,33.29511773786174,10.937279959716573
493,49.4,0.0,0.01,10000.0,10.937279959716573,0.0,12.356023930393656,33.29511773786174,33.29511773786174,33.29511773786174,10.948572082299076
494,49.5,0.0,0.01,10000.0,10.948572082299076,0.0,12.356886204049253,33.29511773786174,33.29511773786174,33.29511773786174,10.959853357233209
495,49.6,0.0,0.01,10000.0,10.959853357233209,0.0,12.357748537866145,33.29511773786174,33.29511773786174,33.29511773786174,10.97112381803674
496,49.7,0.0,0.01,10000.0,10.97112381803674,0.0,12.358610931848537,33.29511773786174,33.29511773786174,33.29511773786174,10.982383498057835
497,49.8,0.0,0.01,10000.0,10.982383498057835,0.0,12.359473386000627,33.29511773786174,33.29511773786174,33.29511773786174,10.993632430476271
498,49.9,0.0,0.01,10000.0,10.993632430476271,0.0,12.36033590032661,33.29511773786174,33.29511773786174,33.29511773786174,11.004870648304605
499,50.0,0.0,0.01,10000.0,11.004870648304605,0.0,12.361198474830701,33.29511773786174,33.29511773786174,33.29511773786174,11.01609818438936
500,50.0,0.0,0.01,10000.0,11.01609818438936,0.0,12.362061109517095,33.29511773786174,33.29511773786174,33.29511773786174,11.01609818438936
