,x,y,s,R,vx_entry,time,acceleration,vel_fi,vel_ri,vx_max,vx_exit,time_total,pot
0,0.1,0.0,0.1,10000.0,0.0,0.16271782538269797,0.0,33.29511773786174,33.29511773786174,33.29511773786174,1.2291216375932856,0.16271782538269797,0.1
1,0.2,0.0,0.1,10000.0,1.2291216375932856,0.06409513134754538,7.553699999999999,33.29511773786174,33.29511773786174,33.29511773786174,1.8912401714110938,0.22681295673024335,0.2
2,0.3,0.0,0.1,10000.0,1.8912401714110938,0.04641065570575981,10.330246929795313,33.29511773786174,33.29511773786174,33.29511773786174,2.4181150177934176,0.2732236124360031,0.30000000000000004
3,0.4,0.0,0.1,10000.0,2.4181150177934176,0.03787505866619499,11.352454266594979,33.29511773786174,33.29511773786174,33.29511773786174,2.8624048557905155,0.31109867110219813,0.4
4,0.5,0.0,0.1,10000.0,2.8624048557905155,0.0327160520912047,11.7304065958753,33.29511773786174,33.29511773786174,33.29511773786174,3.2508021852805404,0.34381472319340284,0.5
5,0.6,0.0,0.1,10000.0,3.2508021852805404,0.029197827390830093,11.871766446858075,33.29511773786174,33.29511773786174,33.29511773786174,3.599022540473276,0.37301255058423294,0.6
6,0.7,0.0,0.1,10000.0,3.599022540473276,0.02660989295773853,11.926241995049885,33.29511773786174,33.29511773786174,33.29511773786174,3.9169791329508628,0.39962244354197146,0.7
7,0.8,0.0,0.1,10000.0,3.9169791329508628,0.02460559410527036,11.948811405688884,33.29511773786174,33.29511773786174,33.29511773786174,4.211253786129977,0.4242280376472418,0.7999999999999999
8,0.9,0.0,0.1,10000.0,4.211253786129977,0.022994672566524182,11.959664616107885,33.29511773786174,33.29511773786174,33.29511773786174,4.486413006967199,0.44722271021376603,0.8999999999999999
9,1.0,0.0,0.1,10000.0,4.486413006967199,0.02166339656227026,11.966216089451972,33.29511773786174,33.29511773786174,33.29511773786174,4.745749614674835,0.4688861067760363,0.9999999999999999
10,1.1,0.0,0.1,10000.0,4.745749614674835,0.020539219532457142,11.971188680509387,33.29511773786174,33.29511773786174,33.29511773786174,4.991718728946967,0.48942532630849345,1.0999999999999999
11,1.2,0.0,0.1,10000.0,4.991718728946967,0.019573449950655505,11.975582318667941,33.29511773786174,33.29511773786174,33.29511773786174,5.226204044207394,0.508998776259149,1.2
12,1.3,0.0,0.1,10000.0,5.226204044207394,0.018732045672644082,11.979764213848991,33.29511773786174,33.29511773786174,33.29511773786174,5.450686429750618,0.5277308219317931,1.3
13,1.4,0.0,0.1,10000.0,5.450686429750618,0.017990399016690233,11.983869218889108,33.29511773786174,33.29511773786174,33.29511773786174,5.666354377096079,0.5457212209484833,1.4000000000000001
14,1.5,0.0,0.1,10000.0,5.666354377096079,0.017330222032931223,11.987946856841763,33.29511773786174,33.29511773786174,33.29511773786174,5.874178665120931,0.5630514429814145,1.5000000000000002
15,1.6,0.0,0.1,10000.0,5.874178665120931,0.016737602067935543,11.992015314630144,33.29511773786174,33.29511773786174,33.29511773786174,6.0749642998168465,0.57978904504935,1.6000000000000003
16,1.7,0.0,0.1,10000.0,6.0749642998168465,0.016201741645098487,11.99608127143631,33.29511773786174,33.29511773786174,33.29511773786174,6.269387584136693,0.5959907866944485,1.7000000000000004
17,1.8,0.0,0.1,10000.0,6.269387584136693,0.015714115275670706,12.00014718039068,33.29511773786174,33.29511773786174,33.29511773786174,6.458023185825581,0.6117049019701192,1.8000000000000005
18,1.9,0.0,0.1,10000.0,6.458023185825581,0.015267889443153198,12.004213942667343,33.29511773786174,33.29511773786174,33.29511773786174,6.641364306116792,0.6269727914132724,1.9000000000000006
19,2.0,0.0,0.1,10000.0,6.641364306116792,0.014857513894166648,12.00828188950692,33.29511773786174,33.29511773786174,33.29511773786174,6.819837980123299,0.641830305307439,2.0000000000000004
20,2.1,0.0,0.1,10000.0,6.819837980123299,0.014478427480338204,12.012351142850301,33.29511773786174,33.29511773786174,33.29511773786174,6.993816870971634,0.6563087327877772,2.1000000000000005
21,2.2,0.0,0.1,10000.0,6.993816870971634,0.014126842440482843,12.016421747776155,33.29511773786174,33.29511773786174,33.29511773786174,7.1636284918269455,0.67043557522826,2.2000000000000006
22,2.3,0.0,0.1,10000.0,7.1636284918269455,0.01379958354096645,12.020493721136704,33.29511773786174,33.29511773786174,33.29511773786174,7.32956250964534,0.6842351587692266,2.3000000000000007
23,2.4,0.0,0.1,10000.0,7.32956250964534,0.013493966312142076,12.024567069418511,33.29511773786174,33.29511773786174,33.29511773786174,7.491876596811964,0.6977291250813686,2.400000000000001
24,2.5,0.0,0.1,10000.0,7.491876596811964,0.01320770362402249,12.028641795301583,33.29511773786174,33.29511773786174,33.29511773786174,7.650801168627534,0.7109368287053911,2.500000000000001
25,2.6,0.0,0.1,10000.0,7.650801168627534,0.012938833121220432,12.032717900068127,33.29511773786174,33.29511773786174,33.29511773786174,7.806543255421689,0.7238756618266116,2.600000000000001
26,2.7,0.0,0.1,10000.0,7.806543255421689,0.012685660226719452,12.036795384487105,33.29511773786174,33.29511773786174,33.29511773786174,7.959289694978923,0.736561322053331,2.700000000000001
27,2.8,0.0,0.1,10000.0,7.959289694978923,0.012446712914372746,12.040874249139112,33.29511773786174,33.29511773786174,33.29511773786174,8.109209785639091,0.7490080349677036,2.800000000000001
28,2.9,0.0,0.1,10000.0,8.109209785639091,0.012220705481706383,12.044954494535629,33.29511773786174,33.29511773786174,33.29511773786174,8.256457507414266,0.76122874044941,2.9000000000000012
29,3.0,0.0,0.1,10000.0,8.256457507414266,0.01200650927989334,12.049036121162871,33.29511773786174,33.29511773786174,33.29511773786174,8.401173394094243,0.7732352497293034,3.0000000000000013
30,3.1,0.0,0.1,10000.0,8.401173394094243,0.011803128874942236,12.053119129497864,33.29511773786174,33.29511773786174,33.29511773786174,8.54348612111238,0.7850383786042456,3.1000000000000014
31,3.2,0.0,0.1,10000.0,8.54348612111238,0.011609682487778668,12.057203520014344,33.29511773786174,33.29511773786174,33.29511773786174,8.683513860199502,0.7966480610920242,3.2000000000000015
32,3.3,0.0,0.1,10000.0,8.683513860199502,0.011425385834113302,12.061289293184927,33.29511773786174,33.29511773786174,33.29511773786174,8.821365441368657,0.8080734469261376,3.3000000000000016
33,3.4,0.0,0.1,10000.0,8.821365441368657,0.011249538687030988,12.065376449481928,33.29511773786174,33.29511773786174,33.29511773786174,8.957141354698427,0.8193229856131686,3.4000000000000017
34,3.5,0.0,0.1,10000.0,8.957141354698427,0.011081513636209421,12.069464989377627,33.29511773786174,33.29511773786174,33.29511773786174,9.090934618108177,0.8304044992493781,3.5000000000000018
35,3.6,0.0,0.1,10000.0,9.090934618108177,0.010920746631594216,12.073554913344392,33.29511773786174,33.29511773786174,33.29511773786174,9.222831532403083,0.8413252458809722,3.600000000000002
36,3.7,0.0,0.1,10000.0,9.222831532403083,0.010766728986100767,12.077646221854714,33.29511773786174,33.29511773786174,33.29511773786174,9.352912340985819,0.852091974867073,3.700000000000002
37,3.8,0.0,0.1,10000.0,9.352912340985819,0.010619000578529984,12.081738915381214,33.29511773786174,33.29511773786174,33.29511773786174,9.481251808545334,0.862710975445603,3.800000000000002
38,3.9,0.0,0.1,10000.0,9.481251808545334,0.010477144049455935,12.085832994396666,33.29511773786174,33.29511773786174,33.29511773786174,9.607919730561811,0.8731881194950589,3.900000000000002
39,4.0,0.0,0.1,10000.0,9.607919730561811,0.010340779823068618,12.089928459373985,33.29511773786174,33.29511773786174,33.29511773786174,9.73298138347527,0.8835288993181276,4.000000000000002
40,4.1,0.0,0.1,10000.0,9.73298138347527,0.010209561819554248,12.094025310786234,33.29511773786174,33.29511773786174,33.29511773786174,9.856497923750478,0.893738461137682,4.100000000000001
41,4.2,0.0,0.1,10000.0,9.856497923750478,0.010083173747584995,12.098123549106626,33.29511773786174,33.29511773786174,33.29511773786174,9.978526742754122,0.9038216348852668,4.200000000000001
42,4.3,0.0,0.1,10000.0,9.978526742754122,0.009961325886378571,12.10222317480851,33.29511773786174,33.29511773786174,33.29511773786174,10.099121783280577,0.9137829607716454,4.300000000000001
43,4.4,0.0,0.1,10000.0,10.099121783280577,0.009843752282711756,12.106324188365383,33.29511773786174,33.29511773786174,33.29511773786174,10.218333822672973,0.9236267130543572,4.4
44,4.5,0.0,0.1,10000.0,10.218333822672973,0.009730208301094175,12.110426590250901,33.29511773786174,33.29511773786174,33.29511773786174,10.336210726749442,0.9333569213554513,4.5
45,4.6,0.0,0.1,10000.0,10.336210726749442,0.009620468475689453,12.11453038093886,33.29511773786174,33.29511773786174,33.29511773786174,10.45279767813148,0.9429773898311408,4.6
46,4.7,0.0,0.1,10000.0,10.45279767813148,0.009514324621018404,12.1186355609032,33.29511773786174,33.29511773786174,33.29511773786174,10.568137382059076,0.9524917144521592,4.699999999999999
47,4.8,0.0,0.1,10000.0,10.568137382059076,0.009411584165387052,12.122742130618011,33.29511773786174,33.29511773786174,33.29511773786174,10.68227025234739,0.9619032986175462,4.799999999999999
48,4.9,0.0,0.1,10000.0,10.68227025234739,0.009312068676657927,12.126850090557538,33.29511773786174,33.29511773786174,33.29511773786174,10.79523457977756,0.9712153672942041,4.899999999999999
49,5.0,0.0,0.1,10000.0,10.79523457977756,0.00921561255466698,12.130959441196154,33.29511773786174,33.29511773786174,33.29511773786174,10.907066684907857,0.9804309798488712,4.999999999999998
50,5.1,0.0,0.1,10000.0,10.907066684907857,0.009122061868470394,12.135070183008398,33.29511773786174,33.29511773786174,33.29511773786174,11.017801057031328,0.9895530417173415,5.099999999999998
51,5.2,0.0,0.1,10000.0,11.017801057031328,0.009031273319836004,12.139182316468954,33.29511773786174,33.29511773786174,33.29511773786174,11.127470480784533,0.9985843150371776,5.1999999999999975
52,5.3,0.0,0.1,10000.0,11.127470480784533,0.008943113317092813,12.143295842052645,33.29511773786174,33.29511773786174,33.29511773786174,11.236106151722582,1.0075274283542703,5.299999999999997
53,5.4,0.0,0.1,10000.0,11.236106151722582,0.008857457145715073,12.147410760234449,33.29511773786174,33.29511773786174,33.29511773786174,11.343737782013298,1.0163848854999855,5.399999999999997
54,5.5,0.0,0.1,10000.0,11.343737782013298,0.008774188223921942,12.151527071489499,33.29511773786174,33.29511773786174,33.29511773786174,11.450393697263626,1.0251590737239074,5.4999999999999964
55,5.6,0.0,0.1,10000.0,11.450393697263626,0.008693197433181907,12.155644776293054,33.29511773786174,33.29511773786174,33.29511773786174,11.556100925370922,1.0338522711570892,5.599999999999996
56,5.7,0.0,0.1,10000.0,11.556100925370922,0.008614382514873833,12.159763875120543,33.29511773786174,33.29511773786174,33.29511773786174,11.660885278187424,1.0424666536719631,5.699999999999996
57,5.8,0.0,0.1,10000.0,11.660885278187424,0.008537647525514567,12.163884368447537,33.29511773786174,33.29511773786174,33.29511773786174,11.764771426695809,1.0510043011974777,5.799999999999995
58,5.9,0.0,0.1,10000.0,11.764771426695809,0.00846290234395048,12.168006256749752,33.29511773786174,33.29511773786174,33.29511773786174,11.867782970315002,1.0594672035414283,5.899999999999995
59,6.0,0.0,0.1,10000.0,11.867782970315002,0.008390062224754578,12.172129540503052,33.29511773786174,33.29511773786174,33.29511773786174,11.969942500886772,1.067857265766183,5.999999999999995
60,6.1,0.0,0.1,10000.0,11.969942500886772,0.00831904739279476,12.176254220183456,33.29511773786174,33.29511773786174,33.29511773786174,12.07127166183368,1.0761763131589777,6.099999999999994
61,6.2,0.0,0.1,10000.0,12.07127166183368,0.008249782674561399,12.180380296267131,33.29511773786174,33.29511773786174,33.29511773786174,12.171791202926336,1.084426095833539,6.199999999999994
62,6.3,0.0,0.1,10000.0,12.171791202926336,0.008182197162379033,12.18450776923039,33.29511773786174,33.29511773786174,33.29511773786174,12.271521031051728,1.092608292995918,6.299999999999994
63,6.4,0.0,0.1,10000.0,12.271521031051728,0.008116223908090846,12.188636639549687,33.29511773786174,33.29511773786174,33.29511773786174,12.370480257333794,1.100724516904009,6.399999999999993
64,6.5,0.0,0.1,10000.0,12.370480257333794,0.008051799643206573,12.192766907701644,33.29511773786174,33.29511773786174,33.29511773786174,12.468687240921467,1.1087763165472153,6.499999999999993
65,6.6,0.0,0.1,10000.0,12.468687240921467,0.007988864522853516,12.196898574163018,33.29511773786174,33.29511773786174,33.29511773786174,12.566159629727768,1.116765181070069,6.5999999999999925
66,6.7,0.0,0.1,10000.0,12.566159629727768,0.007927361891174272,12.20103163941072,33.29511773786174,33.29511773786174,33.29511773786174,12.662914398375449,1.124692542961243,6.699999999999992
67,6.8,0.0,0.1,10000.0,12.662914398375449,0.007867238066079904,12.205166103921814,33.29511773786174,33.29511773786174,33.29511773786174,12.758967883579727,1.132559781027323,6.799999999999992
68,6.9,0.0,0.1,10000.0,12.758967883579727,0.0078084421414990985,12.209301968173504,33.29511773786174,33.29511773786174,33.29511773786174,12.854335817176535,1.1403682231688221,6.8999999999999915
69,7.0,0.0,0.1,10000.0,12.854335817176535,0.007750925805466998,12.213439232643152,33.29511773786174,33.29511773786174,33.29511773786174,12.94903335698496,1.1481191489742892,6.999999999999991
70,7.1,0.0,0.1,10000.0,12.94903335698496,0.007694643172575724,12.217577897808267,33.29511773786174,33.29511773786174,33.29511773786174,13.043075115674927,1.1558137921468647,7.099999999999991
71,7.2,0.0,0.1,10000.0,13.043075115674927,0.007639550629465466,12.22171796414651,33.29511773786174,33.29511773786174,33.29511773786174,13.136475187795456,1.1634533427763303,7.19999999999999
72,7.3,0.0,0.1,10000.0,13.136475187795456,0.007585606692173343,12.225859432135692,33.29511773786174,33.29511773786174,33.29511773786174,13.229247175104728,1.1710389494685036,7.29999999999999
73,7.4,0.0,0.1,10000.0,13.229247175104728,0.007532771874279244,12.230002302253771,33.29511773786174,33.29511773786174,33.29511773786174,13.321404210330538,1.1785717213427829,7.39999999999999
74,7.5,0.0,0.1,10000.0,13.321404210330538,0.007481008564895964,12.234146574978855,33.29511773786174,33.29511773786174,33.29511773786174,13.412958979478391,1.1860527299076788,7.499999999999989
75,7.6,0.0,0.1,10000.0,13.412958979478391,0.0074302809156465924,12.238292250789208,33.29511773786174,33.29511773786174,33.29511773786174,13.503923742794266,1.1934830108233254,7.599999999999989
76,7.7,0.0,0.1,10000.0,13.503923742794266,0.0073805547358570655,12.242439330163236,33.29511773786174,33.29511773786174,33.29511773786174,13.594310354479868,1.2008635655591826,7.699999999999989
77,7.8,0.0,0.1,10000.0,13.594310354479868,0.007331797395267389,12.246587813579506,33.29511773786174,33.29511773786174,33.29511773786174,13.684130281249953,1.20819536295445,7.799999999999988
78,7.9,0.0,0.1,10000.0,13.684130281249953,0.0072839777336322275,12.250737701516726,33.29511773786174,33.29511773786174,33.29511773786174,13.77339461981369,1.2154793406880822,7.899999999999988
79,8.0,0.0,0.1,10000.0,13.77339461981369,0.0072370659766416105,12.254888994453765,33.29511773786174,33.29511773786174,33.29511773786174,13.862114113355387,1.2227164066647238,7.999999999999988
80,8.1,0.0,0.1,10000.0,13.862114113355387,0.007191033657646078,12.259041692869637,33.29511773786174,33.29511773786174,33.29511773786174,13.950299167083669,1.22990744032237,8.099999999999987
81,8.2,0.0,0.1,10000.0,13.950299167083669,0.007145853544718548,12.263195797243496,33.29511773786174,33.29511773786174,33.29511773786174,14.03795986291264,1.2370532938670884,8.199999999999987
82,8.3,0.0,0.1,10000.0,14.03795986291264,0.007101499572628127,12.267351308054671,33.29511773786174,33.29511773786174,33.29511773786174,14.125105973333538,1.2441547934397166,8.299999999999986
83,8.4,0.0,0.1,10000.0,14.125105973333538,0.007057946779339647,12.271508225782622,33.29511773786174,33.29511773786174,33.29511773786174,14.21174697453076,1.251212740219056,8.399999999999986
84,8.5,0.0,0.1,10000.0,14.21174697453076,0.007015171246687324,12.275666550906973,33.29511773786174,33.29511773786174,33.29511773786174,14.297892058791943,1.2582279114657435,8.499999999999986
85,8.6,0.0,0.1,10000.0,14.297892058791943,0.0069731500449020664,12.279826283907495,33.29511773786174,33.29511773786174,33.29511773786174,14.383550146257999,1.2652010615106457,8.599999999999985
86,8.7,0.0,0.1,10000.0,14.383550146257999,0.006931861180700062,12.283987425264101,33.29511773786174,33.29511773786174,33.29511773786174,14.468729896055489,1.2721329226913456,8.699999999999985
87,8.8,0.0,0.1,10000.0,14.468729896055489,0.006891283548665529,12.288149975456871,33.29511773786174,33.29511773786174,33.29511773786174,14.553439716850553,1.2790242062400112,8.799999999999985
88,8.9,0.0,0.1,10000.0,14.553439716850553,0.006851396885683386,12.292313934966028,33.29511773786174,33.29511773786174,33.29511773786174,14.637687776860712,1.2858756031256946,8.899999999999984
89,9.0,0.0,0.1,10000.0,14.637687776860712,0.006812181728198277,12.296479304271955,33.29511773786174,33.29511773786174,33.29511773786174,14.721482013358184,1.292687784853893,8.999999999999984
90,9.1,0.0,0.1,10000.0,14.721482013358184,0.006773619372095052,12.300646083855172,33.29511773786174,33.29511773786174,33.29511773786174,14.804830141695913,1.299461404225988,9.099999999999984
91,9.2,0.0,0.1,10000.0,14.804830141695913,0.006735691835012771,12.304814274196367,33.29511773786174,33.29511773786174,33.29511773786174,14.887739663885284,1.3061970960610008,9.199999999999983
92,9.3,0.0,0.1,10000.0,14.887739663885284,0.0066983818209197,12.308983875776374,33.29511773786174,33.29511773786174,33.29511773786174,14.97021787675244,1.3128954778819204,9.299999999999983
93,9.4,0.0,0.1,10000.0,14.97021787675244,0.00666167268679067,12.313154889076172,33.29511773786174,33.29511773786174,33.29511773786174,15.052271879698218,1.319557150568711,9.399999999999983
94,9.5,0.0,0.1,10000.0,15.052271879698218,0.006625548411240939,12.317327314576907,33.29511773786174,33.29511773786174,33.29511773786174,15.13390858208499,1.326182698979952,9.499999999999982
95,9.6,0.0,0.1,10000.0,15.13390858208499,0.006589993564982218,12.321501152759861,33.29511773786174,33.29511773786174,33.29511773786174,15.215134710272105,1.3327726925449341,9.599999999999982
96,9.7,0.0,0.1,10000.0,15.215134710272105,0.006554993282977045,12.325676404106485,33.29511773786174,33.29511773786174,33.29511773786174,15.295956814320139,1.3393276858279113,9.699999999999982
97,9.8,0.0,0.1,10000.0,15.295956814320139,0.006520533238177329,12.329853069098373,33.29511773786174,33.29511773786174,33.29511773786174,15.376381274382805,1.3458482190660885,9.799999999999981
98,9.9,0.0,0.1,10000.0,15.376381274382805,0.006486599616741626,12.33403114821727,33.29511773786174,33.29511773786174,33.29511773786174,15.456414306804122,1.3523348186828301,9.89999999999998
99,10.0,0.0,0.1,10000.0,15.456414306804122,0.006453179094633745,12.338210641945079,33.29511773786174,33.29511773786174,33.29511773786174,15.536061969937295,1.3587879977774637,9.99999999999998
100,10.1,0.0,0.1,10000.0,15.536061969937295,0.006420258815512589,12.342391550763853,33.29511773786174,33.29511773786174,33.29511773786174,15.615330169700641,1.3652082565929764,10.09999999999998
101,10.2,0.0,0.1,10000.0,15.615330169700641,0.006387826369829862,12.346573875155809,33.29511773786174,33.29511773786174,33.29511773786174,15.694224664884969,1.3715960829628062,10.19999999999998
102,10.3,0.0,0.1,10000.0,15.694224664884969,0.006355869775058444,12.35075761560329,33.29511773786174,33.29511773786174,33.29511773786174,15.772751072225843,1.3779519527378645,10.29999999999998
103,10.4,0.0,0.1,10000.0,15.772751072225843,0.0063243774569798124,12.354942772588823,33.29511773786174,33.29511773786174,33.29511773786174,15.850914871253346,1.3842763301948444,10.399999999999979
104,10.5,0.0,0.1,10000.0,15.850914871253346,0.00629333823196415,12.359129346595072,33.29511773786174,33.29511773786174,33.29511773786174,15.928721408931146,1.3905696684268087,10.499999999999979
105,10.6,0.0,0.1,10000.0,15.928721408931146,0.00626274129018147,12.363317338104858,33.29511773786174,33.29511773786174,33.29511773786174,16.006175904095944,1.39683240971699,10.599999999999978
106,10.7,0.0,0.1,10000.0,16.006175904095944,0.006232576179686502,12.367506747601155,33.29511773786174,33.29511773786174,33.29511773786174,16.083283451707707,1.4030649858966766,10.699999999999978
107,10.8,0.0,0.1,10000.0,16.083283451707707,0.006202832791324099,12.37169757556709,33.29511773786174,33.29511773786174,33.29511773786174,16.160049026920436,1.4092678186880008,10.799999999999978
108,10.9,0.0,0.1,10000.0,16.160049026920436,0.006173501344405619,12.375889822485947,33.29511773786174,33.29511773786174,33.29511773786174,16.23647748898265,1.4154413200324065,10.899999999999977
109,11.0,0.0,0.1,10000.0,16.23647748898265,0.006144572373110184,12.380083488841159,33.29511773786174,33.29511773786174,33.29511773786174,16.31257358497621,1.4215858924055167,10.999999999999977
110,11.1,0.0,0.1,10000.0,16.31257358497621,0.006116036713567851,12.384278575116321,33.29511773786174,33.29511773786174,33.29511773786174,16.38834195340159,1.4277019291190844,11.099999999999977
111,11.2,0.0,0.1,10000.0,16.38834195340159,0.00608788549158463,12.388475081795168,33.29511773786174,33.29511773786174,33.29511773786174,16.463787127617234,1.4337898146106691,11.199999999999976
112,11.3,0.0,0.1,10000.0,16.463787127617234,0.006060110110972029,12.392673009361603,33.29511773786174,33.29511773786174,33.29511773786174,16.538913539140193,1.4398499247216412,11.299999999999976
113,11.4,0.0,0.1,10000.0,16.538913539140193,0.0060327022424461986,12.396872358299678,33.29511773786174,33.29511773786174,33.29511773786174,16.613725520814814,1.4458826269640872,11.399999999999975
114,11.5,0.0,0.1,10000.0,16.613725520814814,0.0060056538130641565,12.4010731290936,33.29511773786174,33.29511773786174,33.29511773786174,16.68822730985586,1.4518882807771514,11.499999999999975
115,11.6,0.0,0.1,10000.0,16.68822730985586,0.005978956996166618,12.405275322227727,33.29511773786174,33.29511773786174,33.29511773786174,16.762423050772114,1.4578672377733182,11.599999999999975
116,11.7,0.0,0.1,10000.0,16.762423050772114,0.005952604201798979,12.409478938186576,33.29511773786174,33.29511773786174,33.29511773786174,16.836316798176114,1.4638198419751172,11.699999999999974
117,11.8,0.0,0.1,10000.0,16.836316798176114,0.005926588067583813,12.413683977454813,33.29511773786174,33.29511773786174,33.29511773786174,16.909912519485445,1.4697464300427008,11.799999999999974
118,11.9,0.0,0.1,10000.0,16.909912519485445,0.0059009014500199285,12.417890440517274,33.29511773786174,33.29511773786174,33.29511773786174,16.983214097520598,1.4756473314927208,11.899999999999974
119,12.0,0.0,0.1,10000.0,16.983214097520598,0.005875537416184657,12.422098327858928,33.29511773786174,33.29511773786174,33.29511773786174,17.05622533300423,1.4815228689089055,11.999999999999973
120,12.1,0.0,0.1,10000.0,17.05622533300423,0.005850489235817426,12.426307639964914,33.29511773786174,33.29511773786174,33.29511773786174,17.128949946966376,1.4873733581447228,12.099999999999973
121,12.2,0.0,0.1,10000.0,17.128949946966376,0.005825750373764118,12.43051837732052,33.29511773786174,33.29511773786174,33.29511773786174,17.201391583059834,1.493199108518487,12.199999999999973
122,12.3,0.0,0.1,10000.0,17.201391583059834,0.005801314482762926,12.434730540411188,33.29511773786174,33.29511773786174,33.29511773786174,17.273553809789874,1.49900042300125,12.299999999999972
123,12.4,0.0,0.1,10000.0,17.273553809789874,0.005777175396553612,12.438944129722525,33.29511773786174,33.29511773786174,33.29511773786174,17.345440122662048,1.5047775983978036,12.399999999999972
124,12.5,0.0,0.1,10000.0,17.345440122662048,0.005753327123293174,12.44315914574028,33.29511773786174,33.29511773786174,33.29511773786174,17.417053946251773,1.5105309255210968,12.499999999999972
125,12.6,0.0,0.1,10000.0,17.417053946251773,0.005729763839261952,12.447375588950367,33.29511773786174,33.29511773786174,33.29511773786174,17.488398636199147,1.5162606893603587,12.599999999999971
126,12.7,0.0,0.1,10000.0,17.488398636199147,0.005706479882845133,12.451593459838845,33.29511773786174,33.29511773786174,33.29511773786174,17.55947748113225,1.5219671692432037,12.69999999999997
127,12.8,0.0,0.1,10000.0,17.55947748113225,0.005683469748775558,12.45581275889195,33.29511773786174,33.29511773786174,33.29511773786174,17.63029370452205,1.5276506389919793,12.79999999999997
128,12.9,0.0,0.1,10000.0,17.63029370452205,0.005660728082624495,12.460033486596044,33.29511773786174,33.29511773786174,33.29511773786174,17.700850466471866,1.533311367074604,12.89999999999997
129,13.0,0.0,0.1,10000.0,17.700850466471866,0.005638249675527873,12.464255643437667,33.29511773786174,33.29511773786174,33.29511773786174,17.771150865444195,1.5389496167501318,12.99999999999997
130,13.1,0.0,0.1,10000.0,17.771150865444195,0.00561602945913616,12.468479229903508,33.29511773786174,33.29511773786174,33.29511773786174,17.841197939927522,1.5445656462092678,13.09999999999997
131,13.2,0.0,0.1,10000.0,17.841197939927522,0.005594062500776784,12.472704246480415,33.29511773786174,33.29511773786174,33.29511773786174,17.910994670045692,1.5501597087100447,13.199999999999969
132,13.3,0.0,0.1,10000.0,17.910994670045692,0.005572343998818576,12.476930693655385,33.29511773786174,33.29511773786174,33.29511773786174,17.98054397911221,1.5557320527088634,13.299999999999969
133,13.4,0.0,0.1,10000.0,17.98054397911221,0.005550869278228365,12.481158571915575,33.29511773786174,33.29511773786174,33.29511773786174,18.04984873513177,1.5612829219870916,13.399999999999968
134,13.5,0.0,0.1,10000.0,18.04984873513177,0.005529633786310361,12.485387881748299,33.29511773786174,33.29511773786174,33.29511773786174,18.118911752251186,1.566812555773402,13.499999999999968
135,13.6,0.0,0.1,10000.0,18.118911752251186,0.005508633088619524,12.489618623641029,33.29511773786174,33.29511773786174,33.29511773786174,18.187735792161774,1.5723211888620217,13.599999999999968
136,13.7,0.0,0.1,10000.0,18.187735792161774,0.0054878628650405605,12.493850798081386,33.29511773786174,33.29511773786174,33.29511773786174,18.256323565455173,1.5778090517270622,13.699999999999967
137,13.8,0.0,0.1,10000.0,18.256323565455173,0.005467318906024703,12.498084405557156,33.29511773786174,33.29511773786174,33.29511773786174,18.32467773293449,1.5832763706330868,13.799999999999967
138,13.9,0.0,0.1,10000.0,18.32467773293449,0.005446997108976783,12.502319446556278,33.29511773786174,33.29511773786174,33.29511773786174,18.39280090688252,1.5887233677420636,13.899999999999967
139,14.0,0.0,0.1,10000.0,18.39280090688252,0.005426893474785591,12.50655592156685,33.29511773786174,33.29511773786174,33.29511773786174,18.46069565228878,1.5941502612168492,13.999999999999966
140,14.1,0.0,0.1,10000.0,18.46069565228878,0.0054070041044908465,12.510793831077118,33.29511773786174,33.29511773786174,33.29511773786174,18.528364488036956,1.5995572653213401,14.099999999999966
141,14.2,0.0,0.1,10000.0,18.528364488036956,0.005387325196080429,12.515033175575494,33.29511773786174,33.29511773786174,33.29511773786174,18.595809888054326,1.6049445905174204,14.199999999999966
142,14.3,0.0,0.1,10000.0,18.595809888054326,0.0053678530414119656,12.519273955550554,33.29511773786174,33.29511773786174,33.29511773786174,18.663034282424636,1.6103124435588325,14.299999999999965
143,14.4,0.0,0.1,10000.0,18.663034282424636,0.005348584023253042,12.52351617149101,33.29511773786174,33.29511773786174,33.29511773786174,18.730040058465825,1.6156610275820855,14.399999999999965
144,14.5,0.0,0.1,10000.0,18.730040058465825,0.005329514612434708,12.527759823885754,33.29511773786174,33.29511773786174,33.29511773786174,18.796829561773954,1.62099054219452,14.499999999999964
145,14.6,0.0,0.1,10000.0,18.796829561773954,0.005310641365113177,12.532004913223815,33.29511773786174,33.29511773786174,33.29511773786174,18.863405097234647,1.6263011835596333,14.599999999999964
146,14.7,0.0,0.1,10000.0,18.863405097234647,0.005291960920134897,12.536251439994391,33.29511773786174,33.29511773786174,33.29511773786174,18.929768930003224,1.6315931444797682,14.699999999999964
147,14.8,0.0,0.1,10000.0,18.929768930003224,0.005273469996500405,12.540499404686836,33.29511773786174,33.29511773786174,33.29511773786174,18.99592328645474,1.6368666144762687,14.799999999999963
148,14.9,0.0,0.1,10000.0,18.99592328645474,0.005255165390922622,12.544748807790656,33.29511773786174,33.29511773786174,33.29511773786174,19.061870355105047,1.6421217798671912,14.899999999999963
149,15.0,0.0,0.1,10000.0,19.061870355105047,0.005237043975475462,12.548999649795523,33.29511773786174,33.29511773786174,33.29511773786174,19.12761228750392,1.6473588238426666,14.999999999999963
150,15.1,0.0,0.1,10000.0,19.12761228750392,0.00521910269532883,12.553251931191266,33.29511773786174,33.29511773786174,33.29511773786174,19.19315119910132,1.6525779265379956,15.099999999999962
151,15.2,0.0,0.1,10000.0,19.19315119910132,0.00520133856656628,12.557505652467862,33.29511773786174,33.29511773786174,33.29511773786174,19.25848917008776,1.657779265104562,15.199999999999962
152,15.3,0.0,0.1,10000.0,19.25848917008776,0.005183748674081797,12.561760814115454,33.29511773786174,33.29511773786174,33.29511773786174,19.323628246209676,1.6629630137786435,15.299999999999962
153,15.4,0.0,0.1,10000.0,19.323628246209676,0.005166330169552333,12.566017416624346,33.29511773786174,33.29511773786174,33.29511773786174,19.388570439560763,1.668129343948196,15.399999999999961
154,15.5,0.0,0.1,10000.0,19.388570439560763,0.005149080269482895,12.570275460484986,33.29511773786174,33.29511773786174,33.29511773786174,19.4533177293501,1.6732784242176788,15.499999999999961
155,15.6,0.0,0.1,10000.0,19.4533177293501,0.005131996253321118,12.574534946188,33.29511773786174,33.29511773786174,33.29511773786174,19.51787206264791,1.678410420471,15.59999999999996
156,15.7,0.0,0.1,10000.0,19.51787206264791,0.005115075461638462,12.578795874224157,33.29511773786174,33.29511773786174,33.29511773786174,19.58223535510971,1.6835254959326384,15.69999999999996
157,15.8,0.0,0.1,10000.0,19.58223535510971,0.005098315294375222,12.583058245084388,33.29511773786174,33.29511773786174,33.29511773786174,19.646409491679663,1.6886238112270138,15.79999999999996
158,15.9,0.0,0.1,10000.0,19.646409491679663,0.005081713209146761,12.587322059259787,33.29511773786174,33.29511773786174,33.29511773786174,19.710396327273813,1.6937055244361605,15.89999999999996
159,16.0,0.0,0.1,10000.0,19.710396327273813,0.005065266719608429,12.5915873172416,33.29511773786174,33.29511773786174,33.29511773786174,19.77419768744394,1.6987707911557688,15.99999999999996
160,16.1,0.0,0.1,10000.0,19.77419768744394,0.005048973393876794,12.595854019521237,33.29511773786174,33.29511773786174,33.29511773786174,19.837815369022653,1.7038197645496456,16.09999999999996
161,16.2,0.0,0.1,10000.0,19.837815369022653,0.005032830853004909,12.600122166590264,33.29511773786174,33.29511773786174,33.29511773786174,19.90125114075041,1.7088525954026506,16.19999999999996
162,16.3,0.0,0.1,10000.0,19.90125114075041,0.005016836769509436,12.604391758940404,33.29511773786174,33.29511773786174,33.29511773786174,19.964506743885067,1.71386943217216,16.29999999999996
163,16.4,0.0,0.1,10000.0,19.964506743885067,0.005000988865947553,12.608662797063536,33.29511773786174,33.29511773786174,33.29511773786174,20.027583892794524,1.7188704210381076,16.399999999999963
164,16.5,0.0,0.1,10000.0,20.027583892794524,0.0049852849135416715,12.612935281451715,33.29511773786174,33.29511773786174,33.29511773786174,20.090484275533086,1.7238557059516493,16.499999999999964
165,16.6,0.0,0.1,10000.0,20.090484275533086,0.004969722730850091,12.617209212597139,33.29511773786174,33.29511773786174,33.29511773786174,20.153209554402014,1.7288254286824993,16.599999999999966
166,16.7,0.0,0.1,10000.0,20.153209554402014,0.004954300182481753,12.621484590992162,33.29511773786174,33.29511773786174,33.29511773786174,20.21576136649487,1.733779728864981,16.699999999999967
167,16.8,0.0,0.1,10000.0,20.21576136649487,0.004939015177853417,12.625761417129317,33.29511773786174,33.29511773786174,33.29511773786174,20.278141324228088,1.7387187440428344,16.79999999999997
168,16.9,0.0,0.1,10000.0,20.278141324228088,0.004923865669987583,12.63003969150127,33.29511773786174,33.29511773786174,33.29511773786174,20.340351015857298,1.7436426097128221,16.89999999999997
169,17.0,0.0,0.1,10000.0,20.340351015857298,0.004908849654349601,12.634319414600869,33.29511773786174,33.29511773786174,33.29511773786174,20.40239200597987,1.7485514593671718,16.99999999999997
170,17.1,0.0,0.1,10000.0,20.40239200597987,0.004893965167722479,12.638600586921102,33.29511773786174,33.29511773786174,33.29511773786174,20.46426583602408,1.753445424534894,17.099999999999973
171,17.2,0.0,0.1,10000.0,20.46426583602408,0.004879210287117924,12.64288320895514,33.29511773786174,33.29511773786174,33.29511773786174,20.525974024725393,1.758324634822012,17.199999999999974
172,17.3,0.0,0.1,10000.0,20.525974024725393,0.00486458312872228,12.647167281196296,33.29511773786174,33.29511773786174,33.29511773786174,20.587518068590228,1.7631892179507345,17.299999999999976
173,17.4,0.0,0.1,10000.0,20.587518068590228,0.004850081846876018,12.651452804138044,33.29511773786174,33.29511773786174,33.29511773786174,20.64889944234762,1.7680392997976104,17.399999999999977
174,17.5,0.0,0.1,10000.0,20.64889944234762,0.004835704633085549,12.655739778274024,33.29511773786174,33.29511773786174,33.29511773786174,20.71011959938917,1.772875004430696,17.49999999999998
175,17.6,0.0,0.1,10000.0,20.71011959938917,0.004821449715066131,12.660028204098039,33.29511773786174,33.29511773786174,33.29511773786174,20.771179972197636,1.777696454145762,17.59999999999998
176,17.7,0.0,0.1,10000.0,20.771179972197636,0.004807315355814748,12.664318082104028,33.29511773786174,33.29511773786174,33.29511773786174,20.83208197276454,1.7825037695015769,17.69999999999998
177,17.8,0.0,0.1,10000.0,20.83208197276454,0.0047932998527118326,12.668609412786125,33.29511773786174,33.29511773786174,33.29511773786174,20.892826992997122,1.7872970693542887,17.799999999999983
178,17.9,0.0,0.1,10000.0,20.892826992997122,0.004779401536650795,12.672902196638605,33.29511773786174,33.29511773786174,33.29511773786174,20.95341640511495,1.7920764708909394,17.899999999999984
179,18.0,0.0,0.1,10000.0,20.95341640511495,0.004765618771194335,12.677196434155896,33.29511773786174,33.29511773786174,33.29511773786174,21.01385156203657,1.7968420896621338,17.999999999999986
180,18.1,0.0,0.1,10000.0,21.01385156203657,0.004751949951756581,12.68149212583261,33.29511773786174,33.29511773786174,33.29511773786174,21.07413379775642,1.8015940396138903,18.099999999999987
181,18.2,0.0,0.1,10000.0,21.07413379775642,0.0047383935048101134,12.685789272163492,33.29511773786174,33.29511773786174,33.29511773786174,21.134264427712363,1.8063324331187005,18.19999999999999
182,18.3,0.0,0.1,10000.0,21.134264427712363,0.00472494788711699,12.690087873643472,33.29511773786174,33.29511773786174,33.29511773786174,21.194244749144087,1.8110573810058175,18.29999999999999
183,18.4,0.0,0.1,10000.0,21.194244749144087,0.004711611584982921,12.694387930767617,33.29511773786174,33.29511773786174,33.29511773786174,21.254076041442683,1.8157689925908005,18.39999999999999
184,18.5,0.0,0.1,10000.0,21.254076041442683,0.004698383113533767,12.698689444031174,33.29511773786174,33.29511773786174,33.29511773786174,21.313759566491637,1.8204673757043341,18.499999999999993
185,18.6,0.0,0.1,10000.0,21.313759566491637,0.004685261016013582,12.702992413929547,33.29511773786174,33.29511773786174,33.29511773786174,21.373296568999493,1.8251526367203477,18.599999999999994
186,18.7,0.0,0.1,10000.0,21.373296568999493,0.004672243863103446,12.707296840958294,33.29511773786174,33.29511773786174,33.29511773786174,21.432688276824447,1.8298248805834512,18.699999999999996
187,18.8,0.0,0.1,10000.0,21.432688276824447,0.004659330252260352,12.71160272561314,33.29511773786174,33.29511773786174,33.29511773786174,21.491935901291118,1.8344842108357116,18.799999999999997
188,18.9,0.0,0.1,10000.0,21.491935901291118,0.004646518807075476,12.715910068389963,33.29511773786174,33.29511773786174,33.29511773786174,21.55104063749969,1.839130729642787,18.9
189,19.0,0.0,0.1,10000.0,21.55104063749969,0.004633808176651143,12.720218869784812,33.29511773786174,33.29511773786174,33.29511773786174,21.61000366462768,1.843764537819438,19.0
190,19.1,0.0,0.1,10000.0,21.61000366462768,0.004621197034995843,12.72452913029389,33.29511773786174,33.29511773786174,33.29511773786174,21.668826146224546,1.848385734854434,19.1
191,19.2,0.0,0.1,10000.0,21.668826146224546,0.004608684080436718,12.728840850413564,33.29511773786174,33.29511773786174,33.29511773786174,21.727509230499308,1.8529944189348706,19.200000000000003
192,19.3,0.0,0.1,10000.0,21.727509230499308,0.004596268035048882,12.73315403064037,33.29511773786174,33.29511773786174,33.29511773786174,21.786054050601425,1.8575906869699197,19.300000000000004
193,19.4,0.0,0.1,10000.0,21.786054050601425,0.0045839476441010265,12.73746867147099,33.29511773786174,33.29511773786174,33.29511773786174,21.844461724895105,1.8621746346140207,19.400000000000006
194,19.5,0.0,0.1,10000.0,21.844461724895105,0.004571721675516787,12.74178477340228,33.29511773786174,33.29511773786174,33.29511773786174,21.90273335722721,1.8667463562895374,19.500000000000007
195,19.6,0.0,0.1,10000.0,21.90273335722721,0.004559588919351297,12.746102336931246,33.29511773786174,33.29511773786174,33.29511773786174,21.960870037188975,1.8713059452088887,19.60000000000001
196,19.7,0.0,0.1,10000.0,21.960870037188975,0.004547548187282466,12.75042136255507,33.29511773786174,33.29511773786174,33.29511773786174,22.018872840371706,1.8758534933961712,19.70000000000001
197,19.8,0.0,0.1,10000.0,22.018872840371706,0.0045356036025785956,12.754741850771085,33.29511773786174,33.29511773786174,33.29511773786174,22.07669139418693,1.8803890969987498,19.80000000000001
198,19.9,0.0,0.1,10000.0,22.07669139418693,0.004523760985116658,12.747708768542672,33.29511773786174,33.29511773786174,33.29511773786174,22.1343092882115,1.8849128579838665,19.900000000000013
199,20.0,0.0,0.1,10000.0,22.1343092882115,0.004512020736745963,12.736723760193504,33.29511773786174,33.29511773786174,33.29511773786174,22.191728128061232,1.8894248787206123,20.000000000000014
200,20.1,0.0,0.1,10000.0,22.191728128061232,0.004500381422752067,12.725748217891185,33.29511773786174,33.29511773786174,33.29511773786174,22.24894949736908,1.8939252601433645,20.100000000000016
201,20.2,0.0,0.1,10000.0,22.24894949736908,0.004488841636335924,12.714782133478598,33.29511773786174,33.29511773786174,33.29511773786174,22.305974958208864,1.8984141017797005,20.200000000000017
202,20.3,0.0,0.1,10000.0,22.305974958208864,0.004477399997920054,12.703825498805644,33.29511773786174,33.29511773786174,33.29511773786174,22.362806051508535,1.9028915017776205,20.30000000000002
203,20.4,0.0,0.1,10000.0,22.362806051508535,0.0044660551544756545,12.69287830572926,33.29511773786174,33.29511773786174,33.29511773786174,22.419444297453257,1.9073575569320962,20.40000000000002
204,20.5,0.0,0.1,10000.0,22.419444297453257,0.004454805778869948,12.681940546113392,33.29511773786174,33.29511773786174,33.29511773786174,22.475891195878646,1.911812362710966,20.50000000000002
205,20.6,0.0,0.1,10000.0,22.475891195878646,0.004443650569232992,12.671012211829,33.29511773786174,33.29511773786174,33.29511773786174,22.53214822665442,1.916256013280199,20.600000000000023
206,20.7,0.0,0.1,10000.0,22.53214822665442,0.004432588248343334,12.660093294754047,33.29511773786174,33.29511773786174,33.29511773786174,22.588216850058807,1.9206886015285423,20.700000000000024
207,20.8,0.0,0.1,10000.0,22.588216850058807,0.004421617563031789,12.649183786773499,33.29511773786174,33.29511773786174,33.29511773786174,22.644098507143898,1.925110219091574,20.800000000000026
208,20.9,0.0,0.1,10000.0,22.644098507143898,0.00441073728360277,12.638283679779311,33.29511773786174,33.29511773786174,33.29511773786174,22.69979462009228,1.929520956375177,20.900000000000027
209,21.0,0.0,0.1,10000.0,22.69979462009228,0.004399946203272511,12.627392965670426,33.29511773786174,33.29511773786174,33.29511773786174,22.755306592565198,1.9339209025784494,21.00000000000003
210,21.1,0.0,0.1,10000.0,22.755306592565198,0.004389243137623652,12.616511636352767,33.29511773786174,33.29511773786174,33.29511773786174,22.810635810042406,1.938310145716073,21.10000000000003
211,21.2,0.0,0.1,10000.0,22.810635810042406,0.004378626924075582,12.605639683739232,33.29511773786174,33.29511773786174,33.29511773786174,22.865783640154103,1.9426887726401487,21.20000000000003
212,21.3,0.0,0.1,10000.0,22.865783640154103,0.004368096421370037,12.594777099749694,33.29511773786174,33.29511773786174,33.29511773786174,22.92075143300501,1.9470568690615186,21.300000000000033
213,21.4,0.0,0.1,10000.0,22.92075143300501,0.004357650509071424,12.583923876310978,33.29511773786174,33.29511773786174,33.29511773786174,22.97554052149095,1.95141451957059,21.400000000000034
214,21.5,0.0,0.1,10000.0,22.97554052149095,0.004347288087081368,12.573080005356875,33.29511773786174,33.29511773786174,33.29511773786174,23.030152221608052,1.9557618076576715,21.500000000000036
215,21.6,0.0,0.1,10000.0,23.030152221608052,0.004337008075167023,12.562245478828121,33.29511773786174,33.29511773786174,33.29511773786174,23.08458783275484,1.9600988157328385,21.600000000000037
216,21.7,0.0,0.1,10000.0,23.08458783275484,0.004326809412502677,12.551420288672398,33.29511773786174,33.29511773786174,33.29511773786174,23.13884863802738,1.9644256251453411,21.70000000000004
217,21.8,0.0,0.1,10000.0,23.13884863802738,0.004316691057224209,12.540604426844332,33.29511773786174,33.29511773786174,33.29511773786174,23.192935904507703,1.9687423162025652,21.80000000000004
218,21.9,0.0,0.1,10000.0,23.192935904507703,0.004306651985995983,12.529797885305477,33.29511773786174,33.29511773786174,33.29511773786174,23.246850883545658,1.9730489681885615,21.90000000000004
219,22.0,0.0,0.1,10000.0,23.246850883545658,0.004296691193589767,12.519000656024312,33.29511773786174,33.29511773786174,33.29511773786174,23.300594811034394,1.9773456593821512,22.000000000000043
220,22.1,0.0,0.1,10000.0,23.300594811034394,0.0042868076924752795,12.50821273097624,33.29511773786174,33.29511773786174,33.29511773786174,23.354168907679664,1.9816324670746264,22.100000000000044
221,22.2,0.0,0.1,10000.0,23.354168907679664,0.004277000512421994,12.497434102143583,33.29511773786174,33.29511773786174,33.29511773786174,23.40757437926311,1.9859094675870483,22.200000000000045
222,22.3,0.0,0.1,10000.0,23.40757437926311,0.0042672687001118325,12.486664761515563,33.29511773786174,33.29511773786174,33.29511773786174,23.460812416899643,1.9901767362871603,22.300000000000047
223,22.4,0.0,0.1,10000.0,23.460812416899643,0.004257611318762398,12.47590470108831,33.29511773786174,33.29511773786174,33.29511773786174,23.513884197289173,1.9944343476059225,22.40000000000005
224,22.5,0.0,0.1,10000.0,23.513884197289173,0.004248027447760416,12.465153912864857,33.29511773786174,33.29511773786174,33.29511773786174,23.566790882962756,1.998682375053683,22.50000000000005
225,22.6,0.0,0.1,10000.0,23.566790882962756,0.004238516182305045,12.454412388855115,33.29511773786174,33.29511773786174,33.29511773786174,23.619533622523363,2.002920891235988,22.60000000000005
226,22.7,0.0,0.1,10000.0,23.619533622523363,0.004229076633060762,12.443680121075891,33.29511773786174,33.29511773786174,33.29511773786174,23.67211355088138,2.007149967869049,22.700000000000053
227,22.8,0.0,0.1,10000.0,23.67211355088138,0.004219707925819503,12.432957101550867,33.29511773786174,33.29511773786174,33.29511773786174,23.724531789484992,2.0113696757948683,22.800000000000054
228,22.9,0.0,0.1,10000.0,23.724531789484992,0.004210409201171787,12.422243322310598,33.29511773786174,33.29511773786174,33.29511773786174,23.776789446545607,2.0155800849960404,22.900000000000055
229,23.0,0.0,0.1,10000.0,23.776789446545607,0.004201179614186516,12.411538775392511,33.29511773786174,33.29511773786174,33.29511773786174,23.8288876172584,2.0197812646102267,23.000000000000057
230,23.1,0.0,0.1,10000.0,23.8288876172584,0.004192018334099221,12.400843452840888,33.29511773786174,33.29511773786174,33.29511773786174,23.880827384018165,2.0239732829443255,23.10000000000006
231,23.2,0.0,0.1,10000.0,23.880827384018165,0.004182924544008446,12.390157346706872,33.29511773786174,33.29511773786174,33.29511773786174,23.93260981663056,2.028156207488334,23.20000000000006
232,23.3,0.0,0.1,10000.0,23.93260981663056,0.004173897440580056,12.379480449048453,33.29511773786174,33.29511773786174,33.29511773786174,23.984235972518857,2.0323301049289144,23.30000000000006
233,23.4,0.0,0.1,10000.0,23.984235972518857,0.0041649362337592205,12.368812751930463,33.29511773786174,33.29511773786174,33.29511773786174,24.03570689692634,2.0364950411626737,23.400000000000063
234,23.5,0.0,0.1,10000.0,24.03570689692634,0.00415604014648981,12.358154247424576,33.29511773786174,33.29511773786174,33.29511773786174,24.087023623114465,2.0406510813091634,23.500000000000064
235,23.6,0.0,0.1,10000.0,24.087023623114465,0.00414720841444102,12.347504927609293,33.29511773786174,33.29511773786174,33.29511773786174,24.138187172556854,2.0447982897236043,23.600000000000065
236,23.7,0.0,0.1,10000.0,24.138187172556854,0.004138440285740982,12.33686478456995,33.29511773786174,33.29511773786174,33.29511773786174,24.18919855512927,2.0489367300093453,23.700000000000067
237,23.8,0.0,0.1,10000.0,24.18919855512927,0.0041297350207171474,12.326233810398696,33.29511773786174,33.29511773786174,33.29511773786174,24.24005876929565,2.0530664650300627,23.800000000000068
238,23.9,0.0,0.1,10000.0,24.24005876929565,0.00412109189164326,12.315611997194493,33.29511773786174,33.29511773786174,33.29511773786174,24.290768802290298,2.057187556921706,23.90000000000007
239,24.0,0.0,0.1,10000.0,24.290768802290298,0.004112510182492703,12.304999337063117,33.29511773786174,33.29511773786174,33.29511773786174,24.341329630296354,2.0613000671041988,24.00000000000007
240,24.1,0.0,0.1,10000.0,24.341329630296354,0.004103989188698041,12.294395822117146,33.29511773786174,33.29511773786174,33.29511773786174,24.3917422186206,2.0654040562928966,24.100000000000072
241,24.2,0.0,0.1,10000.0,24.3917422186206,0.004095528216916573,12.283801444475946,33.29511773786174,33.29511773786174,33.29511773786174,24.442007521864724,2.0694995845098134,24.200000000000074
242,24.3,0.0,0.1,10000.0,24.442007521864724,0.0040871265848017166,12.27321619626569,33.29511773786174,33.29511773786174,33.29511773786174,24.49212648409312,2.073586711094615,24.300000000000075
243,24.4,0.0,0.1,10000.0,24.49212648409312,0.004078783620780053,12.262640069619321,33.29511773786174,33.29511773786174,33.29511773786174,24.542100038997294,2.077665494715395,24.400000000000077
244,24.5,0.0,0.1,10000.0,24.542100038997294,0.004070498663833874,12.25207305667657,33.29511773786174,33.29511773786174,33.29511773786174,24.591929110056977,2.0817359933792288,24.500000000000078
245,24.6,0.0,0.1,10000.0,24.591929110056977,0.0040622710632890625,12.241515149583936,33.29511773786174,33.29511773786174,33.29511773786174,24.64161461069803,2.0857982644425177,24.60000000000008
246,24.7,0.0,0.1,10000.0,24.64161461069803,0.004054100178608162,12.230966340494692,33.29511773786174,33.29511773786174,33.29511773786174,24.6911574444472,2.089852364621126,24.70000000000008
247,24.8,0.0,0.1,10000.0,24.6911574444472,0.004045985379188471,12.220426621568865,33.29511773786174,33.29511773786174,33.29511773786174,24.740558505083815,2.0938983500003143,24.800000000000082
248,24.9,0.0,0.1,10000.0,24.740558505083815,0.00403792604416504,12.209895984973246,33.29511773786174,33.29511773786174,33.29511773786174,24.78981867678849,2.0979362760444795,24.900000000000084
249,25.0,0.0,0.1,10000.0,24.78981867678849,0.004029921562218416,12.199374422881366,33.29511773786174,33.29511773786174,33.29511773786174,24.838938834288918,2.1019661976066977,25.000000000000085
250,25.1,0.0,0.1,10000.0,24.838938834288918,0.004021971331386995,12.18886192747351,33.29511773786174,33.29511773786174,33.29511773786174,24.88791984300282,2.105988168938085,25.100000000000087
251,25.2,0.0,0.1,10000.0,24.88791984300282,0.004014074758883875,12.178358490936697,33.29511773786174,33.29511773786174,33.29511773786174,24.936762559178096,2.1100022436969685,25.200000000000088
252,25.3,0.0,0.1,10000.0,24.936762559178096,0.004006231260918057,12.16786410546468,33.29511773786174,33.29511773786174,33.29511773786174,24.985467830030284,2.114008474957887,25.30000000000009
253,25.4,0.0,0.1,10000.0,24.985467830030284,0.003998440262519889,12.157378763257936,33.29511773786174,33.29511773786174,33.29511773786174,25.034036493877352,2.1180069152204064,25.40000000000009
254,25.5,0.0,0.1,10000.0,25.034036493877352,0.0039907011973706365,12.146902456523666,33.29511773786174,33.29511773786174,33.29511773786174,25.082469380271917,2.121997616417777,25.500000000000092
255,25.6,0.0,0.1,10000.0,25.082469380271917,0.003983013507636038,12.136435177475786,33.29511773786174,33.29511773786174,33.29511773786174,25.130767310130928,2.1259806299254134,25.600000000000094
256,25.7,0.0,0.1,10000.0,25.130767310130928,0.003975376643803779,12.125976918334919,33.29511773786174,33.29511773786174,33.29511773786174,25.178931095862886,2.129956006569217,25.700000000000095
257,25.8,0.0,0.1,10000.0,25.178931095862886,0.003967790064524739,12.115527671328396,33.29511773786174,33.29511773786174,33.29511773786174,25.226961541492646,2.133923796633742,25.800000000000097
258,25.9,0.0,0.1,10000.0,25.226961541492646,0.003960253236457928,12.10508742869024,33.29511773786174,33.29511773786174,33.29511773786174,25.274859442783875,2.1378840498701996,25.900000000000098
259,26.0,0.0,0.1,10000.0,25.274859442783875,0.003952765634118998,12.094656182661172,33.29511773786174,33.29511773786174,33.29511773786174,25.3226255873592,2.141836815504319,26.0000000000001
260,26.1,0.0,0.1,10000.0,25.3226255873592,0.003945326739732251,12.084233925488597,33.29511773786174,33.29511773786174,33.29511773786174,25.370260754818116,2.145782142244051,26.1000000000001
261,26.2,0.0,0.1,10000.0,25.370260754818116,0.003937936043086033,12.0738206494266,33.29511773786174,33.29511773786174,33.29511773786174,25.41776571685268,2.149720078287137,26.200000000000102
262,26.3,0.0,0.1,10000.0,25.41776571685268,0.0039305930413914255,12.063416346735938,33.29511773786174,33.29511773786174,33.29511773786174,25.46514123736109,2.1536506713285286,26.300000000000104
263,26.4,0.0,0.1,10000.0,25.46514123736109,0.003923297239144151,12.053021009684043,33.29511773786174,33.29511773786174,33.29511773786174,25.51238807255913,2.1575739685676725,26.400000000000105
264,26.5,0.0,0.1,10000.0,25.51238807255913,0.003916048147989604,12.042634630545008,33.29511773786174,33.29511773786174,33.29511773786174,25.559506971089586,2.1614900167156623,26.500000000000107
265,26.6,0.0,0.1,10000.0,25.559506971089586,0.003908845286590927,12.032257201599583,33.29511773786174,33.29511773786174,33.29511773786174,25.60649867412966,2.1653988620022533,26.600000000000108
266,26.7,0.0,0.1,10000.0,25.60649867412966,0.0039016881805000363,12.021888715135171,33.29511773786174,33.29511773786174,33.29511773786174,25.65336391549641,2.1693005501827534,26.70000000000011
267,26.8,0.0,0.1,10000.0,25.65336391549641,0.0038945763620315465,12.011529163445818,33.29511773786174,33.29511773786174,33.29511773786174,25.700103421750267,2.1731951265447846,26.80000000000011
268,26.9,0.0,0.1,10000.0,25.700103421750267,0.0038875093701394936,12.001178538832214,33.29511773786174,33.29511773786174,33.29511773786174,25.74671791229671,2.1770826359149242,26.900000000000112
269,27.0,0.0,0.1,10000.0,25.74671791229671,0.003880486750296791,11.990836833601682,33.29511773786174,33.29511773786174,33.29511773786174,25.793208099486073,2.180963122665221,27.000000000000114
270,27.1,0.0,0.1,10000.0,25.793208099486073,0.003873508054377353,11.980504040068174,33.29511773786174,33.29511773786174,33.29511773786174,25.839574688711583,2.184836630719598,27.100000000000115
271,27.2,0.0,0.1,10000.0,25.839574688711583,0.0038665728405408097,11.970180150552267,33.29511773786174,33.29511773786174,33.29511773786174,25.885818378505643,2.1887032035601393,27.200000000000117
272,27.3,0.0,0.1,10000.0,25.885818378505643,0.003859680673119742,11.959865157381154,33.29511773786174,33.29511773786174,33.29511773786174,25.93193986063438,2.1925628842332587,27.300000000000118
273,27.4,0.0,0.1,10000.0,25.93193986063438,0.0038528311225093895,11.949559052888638,33.29511773786174,33.29511773786174,33.29511773786174,25.97793982019054,2.1964157153557684,27.40000000000012
274,27.5,0.0,0.1,10000.0,25.97793982019054,0.0038460237650597465,11.939261829415132,33.29511773786174,33.29511773786174,33.29511773786174,26.023818935684723,2.200261739120828,27.50000000000012
275,27.6,0.0,0.1,10000.0,26.023818935684723,0.003839258182969999,11.928973479307647,33.29511773786174,33.29511773786174,33.29511773786174,26.069577879135036,2.204100997303798,27.600000000000122
276,27.7,0.0,0.1,10000.0,26.069577879135036,0.0038325339641852338,11.918693994919789,33.29511773786174,33.29511773786174,33.29511773786174,26.11521731615514,2.207933531267983,27.700000000000124
277,27.8,0.0,0.1,10000.0,26.11521731615514,0.003825850702295378,11.908423368611752,33.29511773786174,33.29511773786174,33.29511773786174,26.160737906040787,2.2117593819702788,27.800000000000125
278,27.9,0.0,0.1,10000.0,26.160737906040787,0.003819207996436284,11.898161592750318,33.29511773786174,33.29511773786174,33.29511773786174,26.206140301854848,2.215578589966715,27.900000000000126
279,28.0,0.0,0.1,10000.0,26.206140301854848,0.003812605451192941,11.88790865970884,33.29511773786174,33.29511773786174,33.29511773786174,26.251425150510865,2.219391195417908,28.000000000000128
280,28.1,0.0,0.1,10000.0,26.251425150510865,0.0038060426765047276,11.877664561867249,33.29511773786174,33.29511773786174,33.29511773786174,26.296593092855144,2.2231972380944125,28.10000000000013
281,28.2,0.0,0.1,10000.0,26.296593092855144,0.00379951928757268,11.86742929161204,33.29511773786174,33.29511773786174,33.29511773786174,26.341644763747464,2.2269967573819853,28.20000000000013
282,28.3,0.0,0.1,10000.0,26.341644763747464,0.0037930349047687077,11.857202841336267,33.29511773786174,33.29511773786174,33.29511773786174,26.38658079214039,2.230789792286754,28.300000000000132
283,28.4,0.0,0.1,10000.0,26.38658079214039,0.0037865891535467156,11.846985203439544,33.29511773786174,33.29511773786174,33.29511773786174,26.431401801157232,2.234576381440301,28.400000000000134
284,28.5,0.0,0.1,10000.0,26.431401801157232,0.0037801816643555897,11.836776370328028,33.29511773786174,33.29511773786174,33.29511773786174,26.476108408168688,2.2383565631046562,28.500000000000135
285,28.6,0.0,0.1,10000.0,26.476108408168688,0.0037738120725539885,11.826576334414426,33.29511773786174,33.29511773786174,33.29511773786174,26.520701224868176,2.24213037517721,28.600000000000136
286,28.7,0.0,0.1,10000.0,26.520701224868176,0.0037674800183269083,11.816385088117975,33.29511773786174,33.29511773786174,33.29511773786174,26.565180857345904,2.2458978551955373,28.700000000000138
287,28.8,0.0,0.1,10000.0,26.565180857345904,0.003761185146603976,11.806202623864456,33.29511773786174,33.29511773786174,33.29511773786174,26.6095479061617,2.249659040342141,28.80000000000014
288,28.9,0.0,0.1,10000.0,26.6095479061617,0.0037549271069794153,11.796028934086166,33.29511773786174,33.29511773786174,33.29511773786174,26.653802966416613,2.2534139674491205,28.90000000000014
289,29.0,0.0,0.1,10000.0,26.653802966416613,0.0037487055536336677,11.785864011221932,33.29511773786174,33.29511773786174,33.29511773786174,26.697946627823317,2.257162673002754,29.000000000000142
290,29.1,0.0,0.1,10000.0,26.697946627823317,0.003742520145256607,11.77570784771709,33.29511773786174,33.29511773786174,33.29511773786174,26.74197947477537,2.2609051931480106,29.100000000000144
291,29.2,0.0,0.1,10000.0,26.74197947477537,0.003736370544972325,11.765560436023488,33.29511773786174,33.29511773786174,33.29511773786174,26.78590208641529,2.264641563692983,29.200000000000145
292,29.3,0.0,0.1,10000.0,26.78590208641529,0.003730256420265436,11.75542176859948,33.29511773786174,33.29511773786174,33.29511773786174,26.829715036701547,2.2683718201132486,29.300000000000146
293,29.4,0.0,0.1,10000.0,26.829715036701547,0.0037241774429088805,11.745291837909917,33.29511773786174,33.29511773786174,33.29511773786174,26.873418894474412,2.2720959975561574,29.400000000000148
294,29.5,0.0,0.1,10000.0,26.873418894474412,0.0037181332888931795,11.735170636426146,33.29511773786174,33.29511773786174,33.29511773786174,26.91701422352077,2.275814130845051,29.50000000000015
295,29.6,0.0,0.1,10000.0,26.91701422352077,0.0037121236383571054,11.725058156625998,33.29511773786174,33.29511773786174,33.29511773786174,26.960501582637853,2.279526254483408,29.60000000000015
296,29.7,0.0,0.1,10000.0,26.960501582637853,0.0037061481755197483,11.714954390993789,33.29511773786174,33.29511773786174,33.29511773786174,27.003881525695935,2.2832324026589275,29.700000000000152
297,29.8,0.0,0.1,10000.0,27.003881525695935,0.0037002065886139286,11.704859332020307,33.29511773786174,33.29511773786174,33.29511773786174,27.047154601700022,2.2869326092475415,29.800000000000153
298,29.9,0.0,0.1,10000.0,27.047154601700022,0.0036942985698209343,11.69477297220282,33.29511773786174,33.29511773786174,33.29511773786174,27.09032135485055,2.2906269078173622,29.900000000000155
299,30.0,0.0,0.1,10000.0,27.09032135485055,0.0036884238152065534,11.684695304045048,33.29511773786174,33.29511773786174,33.29511773786174,27.133382324603083,2.294315331632569,30.000000000000156
300,30.1,0.0,0.1,10000.0,27.133382324603083,0.003682582024658362,11.674626320057184,33.29511773786174,33.29511773786174,33.29511773786174,27.176338045727096,2.2979979136572273,30.100000000000158
301,30.2,0.0,0.1,10000.0,27.176338045727096,0.0036767729018242477,11.664566012755866,33.29511773786174,33.29511773786174,33.29511773786174,27.21918904836378,2.3016746865590516,30.20000000000016
302,30.3,0.0,0.1,10000.0,27.21918904836378,0.003670996154052136,11.654514374664185,33.29511773786174,33.29511773786174,33.29511773786174,27.261935858082953,2.305345682713104,30.30000000000016
303,30.4,0.0,0.1,10000.0,27.261935858082953,0.0036652514923308935,11.644471398311673,33.29511773786174,33.29511773786174,33.29511773786174,27.304578995939053,2.3090109342054346,30.400000000000162
304,30.5,0.0,0.1,10000.0,27.304578995939053,0.0036595386312323766,11.634437076234299,33.29511773786174,33.29511773786174,33.29511773786174,27.347118978526257,2.312670472836667,30.500000000000163
305,30.6,0.0,0.1,10000.0,27.347118978526257,0.0036538572888546073,11.624411400974468,33.29511773786174,33.29511773786174,33.29511773786174,27.389556318032742,2.3163243301255214,30.600000000000165
306,30.7,0.0,0.1,10000.0,27.389556318032742,0.0036482071867660424,11.614394365081008,33.29511773786174,33.29511773786174,33.29511773786174,27.431891522294066,2.3199725373122875,30.700000000000166
307,30.8,0.0,0.1,10000.0,27.431891522294066,0.0036425880499509175,11.604385961109168,33.29511773786174,33.29511773786174,33.29511773786174,27.474125094845753,2.3236151253622386,30.800000000000168
308,30.9,0.0,0.1,10000.0,27.474125094845753,0.0036369996067556337,11.594386181620612,33.29511773786174,33.29511773786174,33.29511773786174,27.516257534975026,2.327252124968994,30.90000000000017
309,31.0,0.0,0.1,10000.0,27.516257534975026,0.003631441588836176,11.584395019183415,33.29511773786174,33.29511773786174,33.29511773786174,27.558289337771754,2.3308835665578305,31.00000000000017
310,31.1,0.0,0.1,10000.0,27.558289337771754,0.0036259137311065257,11.574412466372056,33.29511773786174,33.29511773786174,33.29511773786174,27.600220994178613,2.334509480288937,31.100000000000172
311,31.2,0.0,0.1,10000.0,27.600220994178613,0.0036204157716880564,11.564438515767414,33.29511773786174,33.29511773786174,33.29511773786174,27.64205299104047,2.3381298960606247,31.200000000000173
312,31.3,0.0,0.1,10000.0,27.64205299104047,0.003614947451859885,11.554473159956757,33.29511773786174,33.29511773786174,33.29511773786174,27.683785811152998,2.3417448435124846,31.300000000000175
313,31.4,0.0,0.1,10000.0,27.683785811152998,0.003609508516010154,11.544516391533746,33.29511773786174,33.29511773786174,33.29511773786174,27.72541993331058,2.3453543520284947,31.400000000000176
314,31.5,0.0,0.1,10000.0,27.72541993331058,0.003604098711588237,11.534568203098422,33.29511773786174,33.29511773786174,33.29511773786174,27.766955832353446,2.348958450740083,31.500000000000178
315,31.6,0.0,0.1,10000.0,27.766955832353446,0.003598717789057832,11.5246285872572,33.29511773786174,33.29511773786174,33.29511773786174,27.808393979214113,2.352557168529141,31.60000000000018
316,31.7,0.0,0.1,10000.0,27.808393979214113,0.003593365501850933,11.51469753662287,33.29511773786174,33.29511773786174,33.29511773786174,27.849734840963112,2.356150534030992,31.70000000000018
317,31.8,0.0,0.1,10000.0,27.849734840963112,0.0035880416063226537,11.504775043814586,33.29511773786174,33.29511773786174,33.29511773786174,27.890978880854043,2.359738575637315,31.800000000000182
318,31.9,0.0,0.1,10000.0,27.890978880854043,0.0035827458617068916,11.494861101457866,33.29511773786174,33.29511773786174,33.29511773786174,27.932126558367933,2.3633213214990216,31.900000000000183
319,32.0,0.0,0.1,10000.0,27.932126558367933,0.0035774780300728095,11.484955702184573,33.29511773786174,33.29511773786174,33.29511773786174,27.973178329256935,2.3668987995290944,32.000000000000185
320,32.1,0.0,0.1,10000.0,27.973178329256935,0.003572237876282116,11.475058838632933,33.29511773786174,33.29511773786174,33.29511773786174,28.014134645587383,2.3704710374053763,32.100000000000186
321,32.2,0.0,0.1,10000.0,28.014134645587383,0.003567025167947132,11.465170503447505,33.29511773786174,33.29511773786174,33.29511773786174,28.054995955782193,2.3740380625733235,32.20000000000019
322,32.3,0.0,0.1,10000.0,28.054995955782193,0.003561839675389625,11.455290689279188,33.29511773786174,33.29511773786174,33.29511773786174,28.095762704662643,2.377599902248713,32.30000000000019
323,32.4,0.0,0.1,10000.0,28.095762704662643,0.003556681171600386,11.44541938878522,33.29511773786174,33.29511773786174,33.29511773786174,28.13643533348953,2.3811565834203137,32.40000000000019
324,32.5,0.0,0.1,10000.0,28.13643533348953,0.0035515494321995507,11.43555659462916,33.29511773786174,33.29511773786174,33.29511773786174,28.177014280003732,2.3847081328525133,32.50000000000019
325,32.6,0.0,0.1,10000.0,28.177014280003732,0.0035464442353976304,11.425702299480891,33.29511773786174,33.29511773786174,33.29511773786174,28.217499978466158,2.3882545770879107,32.60000000000019
326,32.7,0.0,0.1,10000.0,28.217499978466158,0.003541365361957251,11.415856496016614,33.29511773786174,33.29511773786174,33.29511773786174,28.25789285969712,2.391795942449868,32.700000000000195
327,32.8,0.0,0.1,10000.0,28.25789285969712,0.003536312595155577,11.40601917691884,33.29511773786174,33.29511773786174,33.29511773786174,28.29819335111513,2.3953322550450236,32.800000000000196
328,32.9,0.0,0.1,10000.0,28.29819335111513,0.0035312857207474126,11.396190334876383,33.29511773786174,33.29511773786174,33.29511773786174,28.33840187677515,2.3988635407657712,32.9000000000002
329,33.0,0.0,0.1,10000.0,28.33840187677515,0.003526284526928957,11.386369962584366,33.29511773786174,33.29511773786174,33.29511773786174,28.378518857406252,2.4023898252927,33.0000000000002
330,33.1,0.0,0.1,10000.0,28.378518857406252,0.003521308804302208,11.376558052744194,33.29511773786174,33.29511773786174,33.29511773786174,28.418544710448757,2.405911134097002,33.1000000000002
331,33.2,0.0,0.1,10000.0,28.418544710448757,0.0035163583458399992,11.36675459806357,33.29511773786174,33.29511773786174,33.29511773786174,28.45847985009084,2.409427492442842,33.2000000000002
332,33.3,0.0,0.1,10000.0,28.45847985009084,0.003511432946851652,11.356959591256482,33.29511773786174,33.29511773786174,33.29511773786174,28.498324687304603,2.412938925389694,33.3000000000002
333,33.4,0.0,0.1,10000.0,28.498324687304603,0.0035065324049492353,11.347173025043189,33.29511773786174,33.29511773786174,33.29511773786174,28.538079629881636,2.416445457794643,33.400000000000205
334,33.5,0.0,0.1,10000.0,28.538079629881636,0.0035016565200144197,11.337394892150227,33.29511773786174,33.29511773786174,33.29511773786174,28.57774508246806,2.4199471143146574,33.500000000000206
335,33.6,0.0,0.1,10000.0,28.57774508246806,0.0034968050941659077,11.327625185310405,33.29511773786174,33.29511773786174,33.29511773786174,28.617321446599085,2.4234439194088235,33.60000000000021
336,33.7,0.0,0.1,10000.0,28.617321446599085,0.0034919779317274416,11.317863897262788,33.29511773786174,33.29511773786174,33.29511773786174,28.656809120733076,2.4269358973405506,33.70000000000021
337,33.8,0.0,0.1,10000.0,28.656809120733076,0.003487174839196357,11.308111020752698,33.29511773786174,33.29511773786174,33.29511773786174,28.696208500285135,2.4304230721797473,33.80000000000021
338,33.9,0.0,0.1,10000.0,28.696208500285135,0.0034823956252126925,11.298366548531712,33.29511773786174,33.29511773786174,33.29511773786174,28.735519977660196,2.43390546780496,33.90000000000021
339,34.0,0.0,0.1,10000.0,28.735519977660196,0.0034776401005288276,11.28863047335765,33.29511773786174,33.29511773786174,33.29511773786174,28.774743942285692,2.4373831079054886,34.00000000000021
340,34.1,0.0,0.1,10000.0,28.774743942285692,0.0034729080779796477,11.278902787994573,33.29511773786174,33.29511773786174,33.29511773786174,28.81388078064372,2.4408560159834685,34.100000000000215
341,34.2,0.0,0.1,10000.0,28.81388078064372,0.003468199372453221,11.26918348521278,33.29511773786174,33.29511773786174,33.29511773786174,28.8529308763028,2.4443242153559215,34.200000000000216
342,34.3,0.0,0.1,10000.0,28.8529308763028,0.0034635138008619767,11.2594725577888,33.29511773786174,33.29511773786174,33.29511773786174,28.891894609949148,2.4477877291567833,34.30000000000022
343,34.4,0.0,0.1,10000.0,28.891894609949148,0.0034588511821143776,11.249769998505379,33.29511773786174,33.29511773786174,33.29511773786174,28.930772359417556,2.451246580338898,34.40000000000022
344,34.5,0.0,0.1,10000.0,28.930772359417556,0.0034542113370870766,11.240075800151496,33.29511773786174,33.29511773786174,33.29511773786174,28.96956449972183,2.454700791675985,34.50000000000022
345,34.6,0.0,0.1,10000.0,28.96956449972183,0.0034495940885975406,11.23038995552233,33.29511773786174,33.29511773786174,33.29511773786174,29.008271403084798,2.4581503857645823,34.60000000000022
346,34.7,0.0,0.1,10000.0,29.008271403084798,0.0034449992613771454,11.220712457419278,33.29511773786174,33.29511773786174,33.29511773786174,29.046893438967913,2.4615953850259595,34.70000000000022
347,34.8,0.0,0.1,10000.0,29.046893438967913,0.0034404266820447183,11.211043298649937,33.29511773786174,33.29511773786174,33.29511773786174,29.085430974100465,2.4650358117080042,34.800000000000225
348,34.9,0.0,0.1,10000.0,29.085430974100465,0.0034358761790805295,11.2013824720281,33.29511773786174,33.29511773786174,33.29511773786174,29.123884372508375,2.4684716878870847,34.900000000000226
349,35.0,0.0,0.1,10000.0,29.123884372508375,0.0034313475828007204,11.191729970373757,33.29511773786174,33.29511773786174,33.29511773786174,29.162253995542596,2.4719030354698854,35.00000000000023
350,35.1,0.0,0.1,10000.0,29.162253995542596,0.003426840725332156,11.18208578651308,33.29511773786174,33.29511773786174,33.29511773786174,29.200540201907152,2.4753298761952176,35.10000000000023
351,35.2,0.0,0.1,10000.0,29.200540201907152,0.0034223554405876993,11.172449913278427,33.29511773786174,33.29511773786174,33.29511773786174,29.23874334768677,2.4787522316358057,35.20000000000023
352,35.3,0.0,0.1,10000.0,29.23874334768677,0.0034178915642419,11.162822343508328,33.29511773786174,33.29511773786174,33.29511773786174,29.276863786374165,2.4821701232000475,35.30000000000023
353,35.4,0.0,0.1,10000.0,29.276863786374165,0.0034134489337070764,11.153203070047491,33.29511773786174,33.29511773786174,33.29511773786174,29.314901868896925,2.4855835721337547,35.40000000000023
354,35.5,0.0,0.1,10000.0,29.314901868896925,0.0034090273881098045,11.143592085746786,33.29511773786174,33.29511773786174,33.29511773786174,29.352857943644075,2.4889925995218642,35.500000000000234
355,35.6,0.0,0.1,10000.0,29.352857943644075,0.0034046267682677858,11.13398938346324,33.29511773786174,33.29511773786174,33.29511773786174,29.390732356492258,2.492397226290132,35.600000000000236
356,35.7,0.0,0.1,10000.0,29.390732356492258,0.003400246916667098,11.12439495606004,33.29511773786174,33.29511773786174,33.29511773786174,29.428525450831582,2.495797473206799,35.70000000000024
357,35.8,0.0,0.1,10000.0,29.428525450831582,0.0033958876774398193,11.114808796406527,33.29511773786174,33.29511773786174,33.29511773786174,29.46623756759111,2.499193360884239,35.80000000000024
358,35.9,0.0,0.1,10000.0,29.46623756759111,0.003391548896342018,11.105230897378176,33.29511773786174,33.29511773786174,33.29511773786174,29.503869045264032,2.502584909780581,35.90000000000024
359,36.0,0.0,0.1,10000.0,29.503869045264032,0.0033872304207320987,11.095661251856608,33.29511773786174,33.29511773786174,33.29511773786174,29.541420219932473,2.505972140201313,36.00000000000024
360,36.1,0.0,0.1,10000.0,29.541420219932473,0.0033829320995494997,11.086099852729575,33.29511773786174,33.29511773786174,33.29511773786174,29.578891425292014,2.5093550723008624,36.10000000000024
361,36.2,0.0,0.1,10000.0,29.578891425292014,0.0033786537832937403,11.076546692890965,33.29511773786174,33.29511773786174,33.29511773786174,29.616282992675863,2.5127337260841562,36.200000000000244
362,36.3,0.0,0.1,10000.0,29.616282992675863,0.0033743953240037996,11.06700176524078,33.29511773786174,33.29511773786174,33.29511773786174,29.653595251078723,2.51610812140816,36.300000000000246
363,36.4,0.0,0.1,10000.0,29.653595251078723,0.00337015657523783,11.057465062685147,33.29511773786174,33.29511773786174,33.29511773786174,29.69082852718034,2.519478277983398,36.40000000000025
364,36.5,0.0,0.1,10000.0,29.69082852718034,0.0033659373920531983,11.0479365781363,33.29511773786174,33.29511773786174,33.29511773786174,29.72798314536875,2.522844215375451,36.50000000000025
365,36.6,0.0,0.1,10000.0,29.72798314536875,0.003361737630986842,11.03841630451259,33.29511773786174,33.29511773786174,33.29511773786174,29.76505942776322,2.526205953006438,36.60000000000025
366,36.7,0.0,0.1,10000.0,29.76505942776322,0.003357557150035944,11.02890423473846,33.29511773786174,33.29511773786174,33.29511773786174,29.802057694236904,2.529563510156474,36.70000000000025
367,36.8,0.0,0.1,10000.0,29.802057694236904,0.003353395808638908,11.019400361744456,33.29511773786174,33.29511773786174,33.29511773786174,29.838978262439188,2.532916905965113,36.80000000000025
368,36.9,0.0,0.1,10000.0,29.838978262439188,0.003349253467656643,11.009904678467215,33.29511773786174,33.29511773786174,33.29511773786174,29.87582144781777,2.5362661594327696,36.900000000000254
369,37.0,0.0,0.1,10000.0,29.87582144781777,0.0033451299893541377,11.000417177849458,33.29511773786174,33.29511773786174,33.29511773786174,29.912587563640436,2.5396112894221234,37.000000000000256
370,37.1,0.0,0.1,10000.0,29.912587563640436,0.00334102523738233,10.990937852839997,33.29511773786174,33.29511773786174,33.29511773786174,29.949276921016562,2.542952314659506,37.10000000000026
371,37.2,0.0,0.1,10000.0,29.949276921016562,0.003336939076760259,10.981466696393703,33.29511773786174,33.29511773786174,33.29511773786174,29.98588982891836,2.546289253736266,37.20000000000026
372,37.3,0.0,0.1,10000.0,29.98588982891836,0.0033328713738574973,10.972003701471534,33.29511773786174,33.29511773786174,33.29511773786174,30.022426594201836,2.549622125110124,37.30000000000026
373,37.4,0.0,0.1,10000.0,30.022426594201836,0.0033288219963768574,10.962548861040506,33.29511773786174,33.29511773786174,33.29511773786174,30.058887521627483,2.5529509471065004,37.40000000000026
374,37.5,0.0,0.1,10000.0,30.058887521627483,0.0033247908133373708,10.953102168073702,33.29511773786174,33.29511773786174,33.29511773786174,30.09527291388072,2.556275737919838,37.50000000000026
375,37.6,0.0,0.1,10000.0,30.09527291388072,0.0033207776950575285,10.943663615550248,33.29511773786174,33.29511773786174,33.29511773786174,30.131583071592065,2.5595965156148957,37.600000000000264
376,37.7,0.0,0.1,10000.0,30.131583071592065,0.003316782513138781,10.934233196455331,33.29511773786174,33.29511773786174,33.29511773786174,30.167818293357072,2.5629132981280343,37.700000000000266
377,37.8,0.0,0.1,10000.0,30.167818293357072,0.0033128051404492957,10.924810903780179,33.29511773786174,33.29511773786174,33.29511773786174,30.20397887575599,2.5662261032684834,37.80000000000027
378,37.9,0.0,0.1,10000.0,30.20397887575599,0.0033088454511079677,10.915396730522058,33.29511773786174,33.29511773786174,33.29511773786174,30.2400651133732,2.5695349487195913,37.90000000000027
379,38.0,0.0,0.1,10000.0,30.2400651133732,0.0033049033204686647,10.905990669684273,33.29511773786174,33.29511773786174,33.29511773786174,30.276077298816404,2.57283985204006,38.00000000000027
380,38.1,0.0,0.1,10000.0,30.276077298816404,0.003300978625104728,10.896592714276156,33.29511773786174,33.29511773786174,33.29511773786174,30.312015722735573,2.5761408306651647,38.10000000000027
381,38.2,0.0,0.1,10000.0,30.312015722735573,0.003297071242793701,10.887202857313062,33.29511773786174,33.29511773786174,33.29511773786174,30.347880673841654,2.5794379019079585,38.20000000000027
382,38.3,0.0,0.1,10000.0,30.347880673841654,0.003293181052502293,10.877821091816362,33.29511773786174,33.29511773786174,33.29511773786174,30.383672438925064,2.582731082960461,38.300000000000274
383,38.4,0.0,0.1,10000.0,30.383672438925064,0.0032893079343715745,10.868447410813449,33.29511773786174,33.29511773786174,33.29511773786174,30.41939130287393,2.5860203908948325,38.400000000000276
384,38.5,0.0,0.1,10000.0,30.41939130287393,0.003285451769702391,10.859081807337716,33.29511773786174,33.29511773786174,33.29511773786174,30.455037548692133,2.589305842664535,38.50000000000028
385,38.6,0.0,0.1,10000.0,30.455037548692133,0.003281612440941004,10.849724274428567,33.29511773786174,33.29511773786174,33.29511773786174,30.490611457517115,2.592587455105476,38.60000000000028
386,38.7,0.0,0.1,10000.0,30.490611457517115,0.0032777898316649436,10.840374805131395,33.29511773786174,33.29511773786174,33.29511773786174,30.526113308637466,2.5958652449371407,38.70000000000028
387,38.8,0.0,0.1,10000.0,30.526113308637466,0.003273983826569075,10.831033392497595,33.29511773786174,33.29511773786174,33.29511773786174,30.561543379510308,2.59913922876371,38.80000000000028
388,38.9,0.0,0.1,10000.0,30.561543379510308,0.003270194311451878,10.821700029584543,33.29511773786174,33.29511773786174,33.29511773786174,30.596901945778455,2.6024094230751618,38.90000000000028
389,39.0,0.0,0.1,10000.0,30.596901945778455,0.003266421173201924,10.8123747094556,33.29511773786174,33.29511773786174,33.29511773786174,30.63218928128738,2.6056758442483634,39.000000000000284
390,39.1,0.0,0.1,10000.0,30.63218928128738,0.0032626642997845624,10.803057425180107,33.29511773786174,33.29511773786174,33.29511773786174,30.66740565810196,2.6089385085481482,39.100000000000286
391,39.2,0.0,0.1,10000.0,30.66740565810196,0.0032589235802288003,10.793748169833373,33.29511773786174,33.29511773786174,33.29511773786174,30.702551346523034,2.612197432128377,39.20000000000029
392,39.3,0.0,0.1,10000.0,30.702551346523034,0.0032551989046143786,10.78444693649668,33.29511773786174,33.29511773786174,33.29511773786174,30.737626615103757,2.6154526310329915,39.30000000000029
393,39.4,0.0,0.1,10000.0,30.737626615103757,0.00325149016405904,10.775153718257267,33.29511773786174,33.29511773786174,33.29511773786174,30.77263173066575,2.6187041211970503,39.40000000000029
394,39.5,0.0,0.1,10000.0,30.77263173066575,0.003247797250705982,10.765868508208326,33.29511773786174,33.29511773786174,33.29511773786174,30.807566958315068,2.621951918447756,39.50000000000029
395,39.6,0.0,0.1,10000.0,30.807566958315068,0.003244120057711499,10.756591299449012,33.29511773786174,33.29511773786174,33.29511773786174,30.842432561457976,2.625196038505468,39.60000000000029
396,39.7,0.0,0.1,10000.0,30.842432561457976,0.0032404584792328013,10.747322085084416,33.29511773786174,33.29511773786174,33.29511773786174,30.877228801816532,2.6284364969847007,39.700000000000294
397,39.8,0.0,0.1,10000.0,30.877228801816532,0.003236812410416017,10.73806085822558,33.29511773786174,33.29511773786174,33.29511773786174,30.911955939443985,2.631673309395117,39.800000000000296
398,39.9,0.0,0.1,10000.0,30.911955939443985,0.003233181747384362,10.728807611989474,33.29511773786174,33.29511773786174,33.29511773786174,30.94661423274,2.634906491142501,39.9000000000003
399,40.0,0.0,0.1,10000.0,30.94661423274,0.003229566387226494,10.719562339499006,33.29511773786174,33.29511773786174,33.29511773786174,30.9812039384657,2.6381360575297275,40.0000000000003
400,40.1,0.0,0.1,10000.0,30.9812039384657,0.003225966227985021,10.710325033883002,33.29511773786174,33.29511773786174,33.29511773786174,31.015725311758516,2.6413620237577127,40.1000000000003
401,40.2,0.0,0.1,10000.0,31.015725311758516,0.003222381168645189,10.701095688276219,33.29511773786174,33.29511773786174,33.29511773786174,31.050178606146883,2.644584404926358,40.2000000000003
402,40.3,0.0,0.1,10000.0,31.050178606146883,0.003218811109123727,10.691874295819321,33.29511773786174,33.29511773786174,33.29511773786174,31.084564073564767,2.6478032160354816,40.3000000000003
403,40.4,0.0,0.1,10000.0,31.084564073564767,0.003215255950257851,10.68266084965889,33.29511773786174,33.29511773786174,33.29511773786174,31.118881964365993,2.6510184719857395,40.400000000000304
404,40.5,0.0,0.1,10000.0,31.118881964365993,0.003211715593794433,10.673455342947408,33.29511773786174,33.29511773786174,33.29511773786174,31.153132527338432,2.6542301875795338,40.500000000000306
405,40.6,0.0,0.1,10000.0,31.153132527338432,0.0032081899423793184,10.66425776884326,33.29511773786174,33.29511773786174,33.29511773786174,31.18731600971802,2.6574383775219133,40.60000000000031
406,40.7,0.0,0.1,10000.0,31.18731600971802,0.0032046788995467993,10.65506812051073,33.29511773786174,33.29511773786174,33.29511773786174,31.221432657202616,2.66064305642146,40.70000000000031
407,40.8,0.0,0.1,10000.0,31.221432657202616,0.0032011823697092375,10.645886391119983,33.29511773786174,33.29511773786174,33.29511773786174,31.25548271396568,2.663844238791169,40.80000000000031
408,40.9,0.0,0.1,10000.0,31.25548271396568,0.003197700258146835,10.636712573847085,33.29511773786174,33.29511773786174,33.29511773786174,31.289466422669822,2.667041939049316,40.90000000000031
409,41.0,0.0,0.1,10000.0,31.289466422669822,0.0031942324709975504,10.627546661873968,33.29511773786174,33.29511773786174,33.29511773786174,31.323384024480173,2.6702361715203136,41.00000000000031
410,41.1,0.0,0.1,10000.0,31.323384024480173,0.0031907789152471563,10.618388648388441,33.29511773786174,33.29511773786174,33.29511773786174,31.357235759077625,2.6734269504355606,41.100000000000314
411,41.2,0.0,0.1,10000.0,31.357235759077625,0.003187339498719439,10.609238526584193,33.29511773786174,33.29511773786174,33.29511773786174,31.39102186467189,2.67661428993428,41.200000000000315
412,41.3,0.0,0.1,10000.0,31.39102186467189,0.0031839141300665347,10.600096289660767,33.29511773786174,33.29511773786174,33.29511773786174,31.42474257801444,2.6797982040643467,41.30000000000032
413,41.4,0.0,0.1,10000.0,31.42474257801444,0.0031805027187594022,10.590961930823575,33.29511773786174,33.29511773786174,33.29511773786174,31.45839813441127,2.682978706783106,41.40000000000032
414,41.5,0.0,0.1,10000.0,31.45839813441127,0.003177105175078429,10.581835443283875,33.29511773786174,33.29511773786174,33.29511773786174,31.491988767735553,2.6861558119581845,41.50000000000032
415,41.6,0.0,0.1,10000.0,31.491988767735553,0.003173721410104168,10.572716820258782,33.29511773786174,33.29511773786174,33.29511773786174,31.52551471044012,2.689329533368289,41.60000000000032
416,41.7,0.0,0.1,10000.0,31.52551471044012,0.003170351335708205,10.563606054971256,33.29511773786174,33.29511773786174,33.29511773786174,31.55897619356982,2.692499884703997,41.70000000000032
417,41.8,0.0,0.1,10000.0,31.55897619356982,0.00316699486454415,10.554503140650091,33.29511773786174,33.29511773786174,33.29511773786174,31.59237344677371,2.695666879568541,41.800000000000324
418,41.9,0.0,0.1,10000.0,31.59237344677371,0.0031636519100387583,10.545408070529923,33.29511773786174,33.29511773786174,33.29511773786174,31.62570669831716,2.69883053147858,41.900000000000325
419,42.0,0.0,0.1,10000.0,31.62570669831716,0.0031603223863831678,10.536320837851216,33.29511773786174,33.29511773786174,33.29511773786174,31.65897617509377,2.701990853864963,42.00000000000033
420,42.1,0.0,0.1,10000.0,31.65897617509377,0.0031570062085242647,10.527241435860253,33.29511773786174,33.29511773786174,33.29511773786174,31.692182102637187,2.7051478600734873,42.10000000000033
421,42.2,0.0,0.1,10000.0,31.692182102637187,0.0031537032921561633,10.518169857809145,33.29511773786174,33.29511773786174,33.29511773786174,31.725324705132774,2.7083015633656435,42.20000000000033
422,42.3,0.0,0.1,10000.0,31.725324705132774,0.0031504135537118007,10.509106096955813,33.29511773786174,33.29511773786174,33.29511773786174,31.758404205429162,2.7114519769193555,42.30000000000033
423,42.4,0.0,0.1,10000.0,31.758404205429162,0.003147136910354654,10.500050146563987,33.29511773786174,33.29511773786174,33.29511773786174,31.791420825049663,2.71459911382971,42.40000000000033
424,42.5,0.0,0.1,10000.0,31.791420825049663,0.0031438732799705655,10.491001999903208,33.29511773786174,33.29511773786174,33.29511773786174,31.824374784203556,2.7177429871096805,42.500000000000334
425,42.6,0.0,0.1,10000.0,31.824374784203556,0.0031406225811596764,10.481961650248806,33.29511773786174,33.29511773786174,33.29511773786174,31.857266301797264,2.72088360969084,42.600000000000335
426,42.7,0.0,0.1,10000.0,31.857266301797264,0.00313738473322848,10.47292909088192,33.29511773786174,33.29511773786174,33.29511773786174,31.890095595445388,2.7240209944240688,42.70000000000034
427,42.8,0.0,0.1,10000.0,31.890095595445388,0.0031341596561819712,10.463904315089467,33.29511773786174,33.29511773786174,33.29511773786174,31.922862881481638,2.7271551540802506,42.80000000000034
428,42.9,0.0,0.1,10000.0,31.922862881481638,0.003130947270715911,10.454887316164156,33.29511773786174,33.29511773786174,33.29511773786174,31.95556837496963,2.7302861013509663,42.90000000000034
429,43.0,0.0,0.1,10000.0,31.95556837496963,0.0031277474982091893,10.445878087404466,33.29511773786174,33.29511773786174,33.29511773786174,31.988212289713566,2.7334138488491755,43.00000000000034
430,43.1,0.0,0.1,10000.0,31.988212289713566,0.0031245602607162977,10.436876622114665,33.29511773786174,33.29511773786174,33.29511773786174,32.02079483826882,2.736538409109892,43.10000000000034
431,43.2,0.0,0.1,10000.0,32.02079483826882,0.0031213854809598934,10.427882913604781,33.29511773786174,33.29511773786174,33.29511773786174,32.05331623195237,2.739659794590852,43.200000000000344
432,43.3,0.0,0.1,10000.0,32.05331623195237,0.003118223082323472,10.41889695519061,33.29511773786174,33.29511773786174,33.29511773786174,32.08577668085316,2.7427780176731753,43.300000000000345
433,43.4,0.0,0.1,10000.0,32.08577668085316,0.003115072988844133,10.409918740193705,33.29511773786174,33.29511773786174,33.29511773786174,32.1181763938423,2.7458930906620194,43.40000000000035
434,43.5,0.0,0.1,10000.0,32.1181763938423,0.0031119351252054425,10.400948261941378,33.29511773786174,33.29511773786174,33.29511773786174,32.15051557858322,2.749005025787225,43.50000000000035
435,43.6,0.0,0.1,10000.0,32.15051557858322,0.0031088094167303947,10.391985513766693,33.29511773786174,33.29511773786174,33.29511773786174,32.182794441541645,2.7521138352039554,43.60000000000035
436,43.7,0.0,0.1,10000.0,32.182794441541645,0.0031056957893744594,10.383030489008448,33.29511773786174,33.29511773786174,33.29511773786174,32.21501318799553,2.7552195309933296,43.70000000000035
437,43.8,0.0,0.1,10000.0,32.21501318799553,0.0031025941697187275,10.374083181011196,33.29511773786174,33.29511773786174,33.29511773786174,32.24717202204483,2.7583221251630485,43.80000000000035
438,43.9,0.0,0.1,10000.0,32.24717202204483,0.003099504484963148,10.365143583125214,33.29511773786174,33.29511773786174,33.29511773786174,32.2792711466212,2.7614216296480114,43.900000000000354
439,44.0,0.0,0.1,10000.0,32.2792711466212,0.0030964266629198447,10.356211688706514,33.29511773786174,33.29511773786174,33.29511773786174,32.31131076349759,2.7645180563109317,44.000000000000355
440,44.1,0.0,0.1,10000.0,32.31131076349759,0.003093360632006535,10.347287491116834,33.29511773786174,33.29511773786174,33.29511773786174,32.34329107329772,2.767611416942938,44.10000000000036
441,44.2,0.0,0.1,10000.0,32.34329107329772,0.003090306321240022,10.338370983723628,33.29511773786174,33.29511773786174,33.29511773786174,32.37521227550547,2.770701723264178,44.20000000000036
442,44.3,0.0,0.1,10000.0,32.37521227550547,0.0030872636602297786,10.329462159900066,33.29511773786174,33.29511773786174,33.29511773786174,32.407074568474165,2.7737889869244077,44.30000000000036
443,44.4,0.0,0.1,10000.0,32.407074568474165,0.0030842325791716157,10.320561013025035,33.29511773786174,33.29511773786174,33.29511773786174,32.43887814943577,2.7768732195035795,44.40000000000036
444,44.5,0.0,0.1,10000.0,32.43887814943577,0.0030812130088414265,10.311667536483121,33.29511773786174,33.29511773786174,33.29511773786174,32.470623214509985,2.7799544325124206,44.50000000000036
445,44.6,0.0,0.1,10000.0,32.470623214509985,0.003078204880589022,10.302781723664614,33.29511773786174,33.29511773786174,33.29511773786174,32.502309958713205,2.78303263739301,44.600000000000364
446,44.7,0.0,0.1,10000.0,32.502309958713205,0.0030752081263320363,10.293903567965497,33.29511773786174,33.29511773786174,33.29511773786174,32.53393857596748,2.786107845519342,44.700000000000365
447,44.8,0.0,0.1,10000.0,32.53393857596748,0.0030722226785499145,10.285033062787448,33.29511773786174,33.29511773786174,33.29511773786174,32.565509259109284,2.7891800681978918,44.80000000000037
448,44.9,0.0,0.1,10000.0,32.565509259109284,0.0030692484702779872,10.276170201537825,33.29511773786174,33.29511773786174,33.29511773786174,32.597022199898234,2.79224931666817,44.90000000000037
449,45.0,0.0,0.1,10000.0,32.597022199898234,0.0030662854351015995,10.267314977629674,33.29511773786174,33.29511773786174,33.29511773786174,32.628477589025735,2.7953156021032717,45.00000000000037
450,45.1,0.0,0.1,10000.0,32.628477589025735,0.003063333507150341,10.25846738448171,33.29511773786174,33.29511773786174,33.29511773786174,32.6598756161235,2.7983789356104216,45.10000000000037
451,45.2,0.0,0.1,10000.0,32.6598756161235,0.0030603926210923307,10.249627415518324,33.29511773786174,33.29511773786174,33.29511773786174,32.691216469772,2.801439328231514,45.20000000000037
452,45.3,0.0,0.1,10000.0,32.691216469772,0.0030574627121285835,10.24079506416957,33.29511773786174,33.29511773786174,33.29511773786174,32.72250033750885,2.8044967909436425,45.300000000000374
453,45.4,0.0,0.1,10000.0,32.72250033750885,0.003054543715987446,10.23197032387117,33.29511773786174,33.29511773786174,33.29511773786174,32.753727405837026,2.80755133465963,45.400000000000375
454,45.5,0.0,0.1,10000.0,32.753727405837026,0.0030516355689191046,10.223153188064497,33.29511773786174,33.29511773786174,33.29511773786174,32.78489786023313,2.8106029702285493,45.50000000000038
455,45.6,0.0,0.1,10000.0,32.78489786023313,0.003048738207690162,10.214343650196575,33.29511773786174,33.29511773786174,33.29511773786174,32.81601188515543,2.8136517084362396,45.60000000000038
456,45.7,0.0,0.1,10000.0,32.81601188515543,0.0030458515695782817,10.205541703720076,33.29511773786174,33.29511773786174,33.29511773786174,32.84706966405194,2.8166975600058177,45.70000000000038
457,45.8,0.0,0.1,10000.0,32.84706966405194,0.003042975592366903,10.196747342093323,33.29511773786174,33.29511773786174,33.29511773786174,32.87807137936831,2.819740535598185,45.80000000000038
458,45.9,0.0,0.1,10000.0,32.87807137936831,0.0030401102143400205,10.187960558780256,33.29511773786174,33.29511773786174,33.29511773786174,32.9090172125557,2.8227806458125246,45.90000000000038
459,46.0,0.0,0.1,10000.0,32.9090172125557,0.003037255374277027,10.179181347250465,33.29511773786174,33.29511773786174,33.29511773786174,32.939907344078605,2.8258179011868014,46.000000000000384
460,46.1,0.0,0.1,10000.0,32.939907344078605,0.003034411011447626,10.170409700979162,33.29511773786174,33.29511773786174,33.29511773786174,32.970741953422475,2.828852312198249,46.100000000000385
461,46.2,0.0,0.1,10000.0,32.970741953422475,0.003031577065606807,10.16164561344718,33.29511773786174,33.29511773786174,33.29511773786174,33.00152121910142,2.831883889263856,46.20000000000039
462,46.3,0.0,0.1,10000.0,33.00152121910142,0.0030287534769898776,10.152889078140971,33.29511773786174,33.29511773786174,33.29511773786174,33.032245318665694,2.834912642740846,46.30000000000039
463,46.4,0.0,0.1,10000.0,33.032245318665694,0.0030259401863075666,10.1441400885526,33.29511773786174,33.29511773786174,33.29511773786174,33.062914428709206,2.8379385829271535,46.40000000000039
464,46.5,0.0,0.1,10000.0,33.062914428709206,0.003023137134741179,10.135398638179742,33.29511773786174,33.29511773786174,33.29511773786174,33.093528724876904,2.8409617200618946,46.50000000000039
465,46.6,0.0,0.1,10000.0,33.093528724876904,0.003020344263937818,10.12666472052567,33.29511773786174,33.29511773786174,33.29511773786174,33.12408838187208,2.8439820643258322,46.60000000000039
466,46.7,0.0,0.1,10000.0,33.12408838187208,0.003017561516005663,10.117938329099257,33.29511773786174,33.29511773786174,33.29511773786174,33.15459357346363,2.846999625841838,46.700000000000394
467,46.8,0.0,0.1,10000.0,33.15459357346363,0.0030147888335093076,10.109219457414975,33.29511773786174,33.29511773786174,33.29511773786174,33.185044472493246,2.850014414675347,46.800000000000395
468,46.9,0.0,0.1,10000.0,33.185044472493246,0.003012026159465151,10.100508098992877,33.29511773786174,33.29511773786174,33.29511773786174,33.21544125088249,2.8530264408348125,46.9000000000004
469,47.0,0.0,0.1,10000.0,33.21544125088249,0.0030092734373368514,10.091804247358604,33.29511773786174,33.29511773786174,33.29511773786174,33.24578407963986,2.8560357142721493,47.0000000000004
470,47.1,0.0,0.1,10000.0,33.24578407963986,0.0030065306110308313,10.083107896043382,33.29511773786174,33.29511773786174,33.29511773786174,33.276073128867715,2.85904224488318,47.1000000000004
471,47.2,0.0,0.1,10000.0,33.276073128867715,0.0030008416045826315,10.074419038583997,33.29511773786174,33.29511773786174,33.29511773786174,33.37189645892289,2.8620430864877626,47.2000000000004
472,47.3,0.0,0.1,10000.0,33.37189645892289,0.002999984361226216,-25.593040434974146,33.29511773786174,33.29511773786174,33.29511773786174,33.29511773786174,2.865043070848989,47.3000000000004
473,47.4,0.0,0.1,10000.0,33.29511773786174,0.003003443351284036,0.0,33.29511773786174,33.29511773786174,33.29511773786174,33.29511773786174,2.868046514200273,47.400000000000404
474,47.5,0.0,0.1,10000.0,33.29511773786174,0.003003443351284036,0.0,33.29511773786174,33.29511773786174,33.29511773786174,33.29511773786174,2.8710499575515573,47.500000000000405
475,47.6,0.0,0.1,10000.0,33.29511773786174,0.003003443351284036,0.0,33.29511773786174,33.29511773786174,33.29511773786174,33.29511773786174,2.8740534009028416,47.600000000000406
476,47.7,0.0,0.1,10000.0,33.29511773786174,0.003003443351284036,0.0,33.29511773786174,33.29511773786174,33.29511773786174,33.29511773786174,2.8770568442541253,47.70000000000041
477,47.8,0.0,0.1,10000.0,33.29511773786174,0.003003443351284036,0.0,33.29511773786174,33.29511773786174,33.29511773786174,33.29511773786174,2.880060287605409,47.80000000000041
478,47.9,0.0,0.1,10000.0,33.29511773786174,0.003003443351284036,0.0,33.29511773786174,33.29511773786174,33.29511773786174,33.29511773786174,2.8830637309566933,47.90000000000041
479,48.0,0.0,0.1,10000.0,33.29511773786174,0.003003443351284036,0.0,33.29511773786174,33.29511773786174,33.29511773786174,33.29511773786174,2.8860671743079775,48.00000000000041
480,48.1,0.0,0.1,10000.0,33.29511773786174,0.003003443351284036,0.0,33.29511773786174,33.29511773786174,33.29511773786174,33.29511773786174,2.8890706176592613,48.10000000000041
481,48.2,0.0,0.1,10000.0,33.29511773786174,0.003003443351284036,0.0,33.29511773786174,33.29511773786174,33.29511773786174,33.29511773786174,2.8920740610105455,48.200000000000415
482,48.3,0.0,0.1,10000.0,33.29511773786174,0.003003443351284036,0.0,33.29511773786174,33.29511773786174,33.29511773786174,33.29511773786174,2.8950775043618293,48.300000000000416
483,48.4,0.0,0.1,10000.0,33.29511773786174,0.003003443351284036,0.0,33.29511773786174,33.29511773786174,33.29511773786174,33.29511773786174,2.8980809477131135,48.40000000000042
484,48.5,0.0,0.1,10000.0,33.29511773786174,0.003003443351284036,0.0,33.29511773786174,33.29511773786174,33.29511773786174,33.29511773786174,2.9010843910643977,48.50000000000042
485,48.6,0.0,0.1,10000.0,33.29511773786174,0.003003443351284036,0.0,33.29511773786174,33.29511773786174,33.29511773786174,33.29511773786174,2.9040878344156815,48.60000000000042
486,48.7,0.0,0.1,10000.0,33.29511773786174,0.003003443351284036,0.0,33.29511773786174,33.29511773786174,33.29511773786174,33.29511773786174,2.9070912777669653,48.70000000000042
487,48.8,0.0,0.1,10000.0,33.29511773786174,0.003003443351284036,0.0,33.29511773786174,33.29511773786174,33.29511773786174,33.29511773786174,2.9100947211182495,48.80000000000042
488,48.9,0.0,0.1,10000.0,33.29511773786174,0.003003443351284036,0.0,33.29511773786174,33.29511773786174,33.29511773786174,33.29511773786174,2.9130981644695337,48.900000000000425
489,49.0,0.0,0.1,10000.0,33.29511773786174,0.003003443351284036,0.0,33.29511773786174,33.29511773786174,33.29511773786174,33.29511773786174,2.916101607820818,49.000000000000426
490,49.1,0.0,0.1,10000.0,33.29511773786174,0.003003443351284036,0.0,33.29511773786174,33.29511773786174,33.29511773786174,33.29511773786174,2.9191050511721017,49.10000000000043
491,49.2,0.0,0.1,10000.0,33.29511773786174,0.003003443351284036,0.0,33.29511773786174,33.29511773786174,33.29511773786174,33.29511773786174,2.9221084945233855,49.20000000000043
492,49.3,0.0,0.1,10000.0,33.29511773786174,0.003003443351284036,0.0,33.29511773786174,33.29511773786174,33.29511773786174,33.29511773786174,2.9251119378746697,49.30000000000043
493,49.4,0.0,0.1,10000.0,33.29511773786174,0.003003443351284036,0.0,33.29511773786174,33.29511773786174,33.29511773786174,33.29511773786174,2.928115381225954,49.40000000000043
494,49.5,0.0,0.1,10000.0,33.29511773786174,0.003003443351284036,0.0,33.29511773786174,33.29511773786174,33.29511773786174,33.29511773786174,2.931118824577238,49.50000000000043
495,49.6,0.0,0.1,10000.0,33.29511773786174,0.003003443351284036,0.0,33.29511773786174,33.29511773786174,33.29511773786174,33.29511773786174,2.934122267928522,49.600000000000435
496,49.7,0.0,0.1,10000.0,33.29511773786174,0.003003443351284036,0.0,33.29511773786174,33.29511773786174,33.29511773786174,33.29511773786174,2.9371257112798057,49.700000000000436
497,49.8,0.0,0.1,10000.0,33.29511773786174,0.003003443351284036,0.0,33.29511773786174,33.29511773786174,33.29511773786174,33.29511773786174,2.94012915463109,49.80000000000044
498,49.9,0.0,0.1,10000.0,33.29511773786174,0.003003443351284036,0.0,33.29511773786174,33.29511773786174,33.29511773786174,33.29511773786174,2.943132597982374,49.90000000000044
499,50.0,0.0,0.1,10000.0,33.29511773786174,0.003003443351284036,0.0,33.29511773786174,33.29511773786174,33.29511773786174,33.29511773786174,2.946136041333658,50.00000000000044
500,50.0,0.0,0.1,10000.0,33.29511773786174,0.003003443351284036,0.0,33.29511773786174,33.29511773786174,33.29511773786174,33.29511773786174,2.949139484684942,50.10000000000044
