,Turn,s,R,vx_entry,time,acceleration,vel_fi,vel_ri,vx_max,vx_exit,time_total,pot
0,Right,1.127,27.808000000000003,0.0,0.5462570934626662,0.0,13.93523578449894,16.47702691808839,13.93523578449894,4.126262206888942,0.5462570934626662,1.127
1,Right,1.167,22.476,4.126262206888942,0.22236750921088896,7.553699999999999,12.4772855425144,14.929315223064282,12.4772855425144,6.369875508025517,0.7686246026735551,2.294
2,Right,1.189,34.58,6.369875508025517,0.16372759113094265,10.089663319512995,15.639582565272248,18.163360650643895,15.639582565272248,8.154249494816384,0.9323521938044979,3.483
3,Right,1.177,32.79,8.154249494816384,0.13257896786873533,10.898431806547475,15.202168340831795,17.74425467532744,15.202168340831795,9.601206274990664,1.064931161673233,4.66
4,Right,1.169,20.679000000000002,9.601206274990664,0.11488114705111487,10.913924006460014,11.955363282974224,14.354811755635682,11.955363282974224,10.75026182934274,1.179812308724348,5.829000000000001
5,Right,1.159,18.429000000000002,10.75026182934274,0.10339179819540756,10.002124664030541,11.274805658957998,13.591573927958338,11.274805658957998,11.669311487479218,1.2832041069197555,6.988
6,Right,1.13,21.311999999999998,11.669311487479218,0.09531880910462749,8.888999651592297,12.141245062419488,14.560551459707899,12.141245062419488,12.040594471577528,1.378522916024383,8.118
7,Right,1.078,32.791,12.040594471577528,0.09079019243938159,-3.680249554097995,15.20241510293429,17.744493850532375,15.20241510293429,11.706463906336023,1.4693131084637647,9.196
8,Left,1.015,75.551,11.706463906336023,0.09275001159230693,-16.45431703079835,24.30334824644769,24.39609586048312,24.30334824644769,10.180325810985982,1.5620631200560715,10.211
9,Left,0.9590000000000001,13.65,10.180325810985982,0.09594517617554937,-3.8570850342198097,9.700983827514685,11.775299607011942,9.700983827514685,9.810257107853687,1.6580082962316207,11.17
10,Left,0.9540000000000001,10.35,9.810257107853687,0.10437097287175667,-12.834692629170732,8.470687751637174,10.317613676033712,8.470687751637174,8.470687751637174,1.7623792691033775,12.124
11,Left,0.932,9.448,8.470687751637174,0.1047116834802875,0.0,8.1057293546303,9.880536324664586,8.1057293546303,9.330573177864617,1.867090952583665,13.056000000000001
12,Left,0.9079999999999999,9.175,9.330573177864617,0.10483245765754362,-12.76577109731997,7.992306019838927,9.74434354604162,7.992306019838927,7.992306019838927,1.9719234102412084,13.964
13,Left,0.888,9.415,7.992306019838927,0.10154672200487568,0.0,8.09209552867543,9.864174058232038,8.09209552867543,9.49718024752406,2.0734701322460842,14.852
14,Left,0.8809999999999999,9.738,9.49718024752406,0.09942533740849062,-12.798746664299406,8.224660542020297,10.02316679168106,8.224660542020297,8.224660542020297,2.172895469654575,15.733
15,Left,0.888,9.902999999999999,8.224660542020297,0.1048675378033107,0.0,8.291639106282494,10.103409886779687,8.291639106282494,8.710990253281688,2.277763007457885,16.621000000000002
16,Left,0.899,10.5,8.710990253281688,0.0974925850002753,4.637562027760668,8.530013079427842,10.388486045944315,8.530013079427842,9.731437958001488,2.375255592458161,17.520000000000003
17,Left,0.919,10.255999999999998,9.731437958001488,0.10118494512899044,-12.829164700349127,8.43331963174588,10.272945982613898,8.43331963174588,8.43331963174588,2.476440537587151,18.439000000000004
18,Left,0.955,10.892000000000001,8.43331963174588,0.10980492187157644,0.0,8.683332797437325,10.571403894755285,8.683332797437325,8.961164763351286,2.586245459458728,19.394000000000002
19,Left,0.998,15.38,8.961164763351286,0.10669160369405896,4.807117227611648,10.294249925099258,12.467382815175585,10.294249925099258,9.746961564223502,2.6929370631527867,20.392000000000003
20,Left,1.0190000000000001,18.817,9.746961564223502,0.1002078107994017,7.365123155571917,11.39452265234339,13.726920651877977,11.39452265234339,10.590774424039083,2.7931448739521887,21.411
21,Left,1.0270000000000001,73.704,10.590774424039083,0.09280974559614859,8.420629620426942,23.944484605880728,24.210416437117622,23.944484605880728,11.540522098825614,2.885954619548337,22.438000000000002
22,Right,1.056,24.410999999999998,11.540522098825614,0.08787713523585731,10.233275273905544,13.020763583424907,15.516571408677041,13.020763583424907,12.493033322974494,2.9738317547841944,23.494000000000003
23,Right,1.107,18.354,12.493033322974494,0.0932423427654586,-13.314653778359768,11.251543811569263,13.565223720347397,11.251543811569263,11.251543811569263,3.0670740975496527,24.601000000000003
24,Right,1.128,16.69,11.251543811569263,0.09785535111454456,0.0,10.724750023787989,12.964210456514502,10.724750023787989,11.802892908597826,3.1649294486641972,25.729000000000003
25,Right,1.139,15.866,11.802892908597826,0.10234244777038029,-13.163472397803984,10.455710922248729,12.6542832729955,10.455710922248729,10.455710922248729,3.2672718964345777,26.868000000000002
26,Right,1.145,17.349,10.455710922248729,0.1068159584322079,0.0,10.93590249621182,13.206073305900489,10.93590249621182,10.983033190630039,3.3740878548667856,28.013
27,Right,1.17,18.617,10.983033190630039,0.10321556192088618,4.936736758449649,11.332942573983356,13.657356564133,11.332942573983356,11.68796676762809,3.4773034167876715,29.183
28,Right,1.198,20.467,11.68796676762809,0.09933885853695162,6.8297218353408535,11.892589781397644,14.285058392282771,11.892589781397644,12.431497008057905,3.576642275324623,30.381
29,Right,1.234,23.276,12.431497008057905,0.09197804156124346,7.484787437468282,12.70416907016128,15.17588701740275,12.70416907016128,14.400994292125791,3.6686203168858667,31.615000000000002
30,Right,1.268,24.836,14.400994292125791,0.0920882857483062,-13.717251534783244,13.13779611310928,15.64148043650038,13.13779611310928,13.13779611310928,3.760708602634173,32.883
31,Right,1.304,27.741,13.13779611310928,0.09743267189337848,0.0,13.917635597224427,16.458888787903486,13.917635597224427,13.629405784565861,3.8581412745275516,34.187000000000005
32,Right,1.3430000000000002,35.304,13.629405784565861,0.09599363968044024,5.0456347127024905,15.814166309079022,18.32789084795777,15.814166309079022,14.351614717850847,3.954134914207992,35.53000000000001
33,Right,1.3769999999999998,73.25399999999999,14.351614717850847,0.09307535909017331,7.523508179179329,23.856803412557714,24.164230934755604,23.856803412557714,15.237312221790269,4.047210273298165,36.90700000000001
34,Right,1.412,585.35,15.237312221790269,0.08971710863100194,9.515918204315932,33.29511773786174,33.29511773786174,33.29511773786174,16.239404349793055,4.136927381929167,38.31900000000001
35,Left,1.45,1028.4180000000001,16.239404349793055,0.08655328314726744,11.169465259121274,33.29511773786174,33.29511773786174,33.29511773786174,17.265968231692376,4.223480665076434,39.76900000000001
36,Left,1.486,648.173,17.265968231692376,0.08361890598273389,11.860484600597498,33.29511773786174,33.29511773786174,33.29511773786174,18.276233200764484,4.307099571059169,41.25500000000001
37,Right,1.526,569.8240000000001,18.276233200764484,0.08129790151798347,12.081776928302688,33.29511773786174,33.29511773786174,33.29511773786174,19.2647111903387,4.388397472577152,42.78100000000001
38,Right,1.5719999999999998,362.525,19.2647111903387,0.07961379851388549,12.158714691492522,33.29511773786174,33.29511773786174,33.29511773786174,20.225930616579394,4.468011271091037,44.353000000000016
39,Left,1.598,749.387,20.225930616579394,0.07720215473067737,12.07352800875396,33.29511773786174,33.29511773786174,33.29511773786174,21.171877658971546,4.545213425821714,45.951000000000015
40,Left,1.6219999999999999,296.97700000000003,21.171877658971546,0.07501384756809906,12.25285804123118,33.29511773786174,33.29511773786174,33.29511773786174,22.07347110220261,4.620227273389814,47.573000000000015
41,Left,1.661,578.78,22.07347110220261,0.07374397098017565,12.019026785855505,33.29511773786174,33.29511773786174,33.29511773786174,22.974279321937722,4.6939712443699895,49.234000000000016
42,Straight,1.694,10000.0,22.974279321937722,0.07230526334789349,12.215347339747584,33.29511773786174,33.29511773786174,33.29511773786174,23.882613843623293,4.766276507717883,50.92800000000002
43,Right,1.7280000000000002,1460.656,23.882613843623293,0.07104575041535664,12.562495171550106,33.29511773786174,33.29511773786174,33.29511773786174,24.762097202359,4.83732225813324,52.65600000000002
44,Straight,1.758,10000.0,24.762097202359,0.06979605228622775,12.37911280539599,33.29511773786174,33.29511773786174,33.29511773786174,25.61324473791549,4.907118310419467,54.41400000000002
45,Right,1.79,470.108,25.61324473791549,0.06884107543428555,12.19478047362915,33.29511773786174,33.29511773786174,33.29511773786174,26.390591306415388,4.975959385853753,56.20400000000002
46,Right,1.8219999999999998,374.74199999999996,26.390591306415388,0.07043968539074347,-14.891904781967131,33.29511773786174,33.29511773786174,33.29511773786174,25.341610218704716,5.046399071244496,58.026000000000025
47,Right,1.8519999999999999,629.554,25.341610218704716,0.0748636210666898,-16.117122648738444,33.29511773786174,33.29511773786174,33.29511773786174,24.135024056044198,5.121262692311186,59.87800000000002
48,Right,1.857,632.705,24.135024056044198,0.07869639934870179,-13.673065933305624,33.29511773786174,33.29511773786174,33.29511773786174,23.05900299903565,5.1999590916598875,61.73500000000002
49,Right,1.8219999999999998,974.329,23.05900299903565,0.0812247713662632,-15.449042395790203,33.29511773786174,33.29511773786174,33.29511773786174,21.804158062609883,5.2811838630261505,63.55700000000002
50,Right,1.754,564.457,21.804158062609883,0.08236605703564023,-12.35893055885886,33.29511773786174,33.29511773786174,33.29511773786174,20.786201683299396,5.363549920061791,65.31100000000002
51,Right,1.6680000000000001,314.087,20.786201683299396,0.08271197643078167,-14.98780661566014,33.29511773786174,33.29511773786174,33.29511773786174,19.5465305757558,5.446261896492572,66.97900000000003
52,Right,1.5859999999999999,527.395,19.5465305757558,0.08307986841067183,-10.988622045975028,33.29511773786174,33.29511773786174,33.29511773786174,18.633597302161586,5.529341764903245,68.56500000000003
53,Left,1.506,475.469,18.633597302161586,0.0836138332054025,-14.883268346365426,33.29511773786174,33.29511773786174,33.29511773786174,17.38915018509734,5.612955598108647,70.07100000000003
54,Left,1.445,340.72900000000004,17.38915018509734,0.08509591211692567,-9.596488895872879,33.29511773786174,33.29511773786174,33.29511773786174,16.572528209383087,5.698051510225573,71.51600000000002
55,Straight,1.399,10000.0,16.572528209383087,0.08791901456400911,-15.017387512342314,33.29511773786174,33.29511773786174,33.29511773786174,15.252214297972094,5.785970524789581,72.91500000000002
56,Right,1.344,294.502,15.252214297972094,0.09028130255746443,-8.094941218648259,33.29511773786174,33.29511773786174,33.29511773786174,14.52139246062642,5.876251827347046,74.25900000000001
57,Right,1.2919999999999998,61.248000000000005,14.52139246062642,0.09364399152519363,-15.472602877088407,21.47331027986451,22.777349354304626,21.47331027986451,13.072476167931667,5.96989581887224,75.55100000000002
58,Right,1.25,25.195,13.072476167931667,0.0978271279305029,-6.027660509681525,13.23603724780092,15.745894668871568,13.23603724780092,12.48280745212941,6.067722946802743,76.80100000000002
59,Right,1.224,17.881,12.48280745212941,0.10378720815563673,-13.285771710546898,11.10391429809861,13.397611793602188,11.10391429809861,11.10391429809861,6.17151015495838,78.02500000000002
60,Right,1.204,15.209000000000001,11.10391429809861,0.10704440243223731,0.0,10.236925171451913,12.400869713977322,10.236925171451913,11.391423573719063,6.278554557390617,79.22900000000001
61,Right,1.186,14.33,11.391423573719063,0.11120888465627798,-13.071042505141156,9.937807515427513,12.0525336423768,9.937807515427513,9.937807515427513,6.389763442046895,80.41500000000002
62,Right,1.1740000000000002,15.317,9.937807515427513,0.11491407675778681,0.0,10.273161995608325,12.44292417642837,10.273161995608325,10.494850225443168,6.504677518804682,81.58900000000003
63,Right,1.176,15.267999999999999,10.494850225443168,0.10828106530467348,4.847471482451842,10.256734740530927,12.423863594381467,10.256734740530927,11.226398945703343,6.612958584109355,82.76500000000003
64,Right,1.18,13.818,11.226398945703343,0.11245402501834077,-13.040384222757991,9.759955252068538,11.844447856745205,9.759955252068538,9.759955252068538,6.725412609127696,83.94500000000004
65,Right,1.187,14.075999999999999,9.759955252068538,0.11828079083418784,0.0,9.849922768624092,11.949796442779846,9.849922768624092,10.310928475180098,6.843693399961884,85.13200000000003
66,Right,1.192,14.577,10.310928475180098,0.1101039460932573,4.65818007493663,10.022632987031255,12.151529053378596,10.022632987031255,11.341338174561663,6.953797346055142,86.32400000000003
67,Right,1.197,14.126,11.341338174561663,0.11287866093764645,-13.058818044831598,9.867276280232698,11.970096323801599,9.867276280232698,9.867276280232698,7.066676006992788,87.52100000000003
68,Right,1.21,16.404,9.867276280232698,0.11894640874767935,0.0,10.632020320902386,12.857605354282253,10.632020320902386,10.478020610012543,7.185622415740467,88.73100000000002
69,Right,1.226,24.503,10.478020610012543,0.11229208876886324,5.134617650167272,13.046165850674688,15.543731187033481,13.046165850674688,11.357889888073228,7.297914504509331,89.95700000000002
70,Right,1.24,52.493,11.357889888073228,0.1045175004097707,7.835541111642931,19.663428500021435,21.540040713799513,19.663428500021435,12.370193832613992,7.402432004919102,91.19700000000002
71,Left,1.258,89.296,12.370193832613992,0.09758773405270045,9.685497075340802,26.93330464031345,25.604705562905597,25.604705562905597,13.411734853641605,7.500019738971802,92.45500000000001
72,Left,1.3,30.230999999999998,13.411734853641605,0.09361009869663538,10.67286817485841,14.561233484455116,17.112819909954755,14.561233484455116,14.363046245840899,7.593629837668437,93.75500000000001
73,Left,1.35,24.543000000000003,14.363046245840899,0.0947287387459444,-2.3609996872622867,13.057198491167178,15.555518902540893,13.057198491167178,14.139391723286973,7.688358576414381,95.105
74,Left,1.3980000000000001,23.337,14.139391723286973,0.10409247650867537,-13.623007120140803,12.7213391746562,15.194465860342401,12.7213391746562,12.7213391746562,7.792451052923057,96.503
75,Left,1.4369999999999998,28.605999999999998,12.7213391746562,0.11040026482760576,0.0,14.143623074645816,16.690706272386684,14.143623074645816,13.311207074103807,7.902851317750662,97.94
76,Left,1.4680000000000002,35.938,13.311207074103807,0.10694116202569255,5.342993518799162,15.965999087955593,18.46968989287664,15.965999087955593,14.143142068788693,8.009792479776355,99.408
77,Left,1.4980000000000002,31.061999999999998,14.143142068788693,0.09841482054196626,7.779371188102603,14.771508855450378,17.322204878749158,14.771508855450378,16.299427287139153,8.108207300318321,100.906
78,Left,1.5319999999999998,31.614,16.299427287139153,0.0981753870447355,-14.152252587288967,14.9100244118272,17.458954499175764,14.9100244118272,14.9100244118272,8.206382687363057,102.438
79,Left,1.564,61.916000000000004,14.9100244118272,0.10263120202173548,0.0,21.60854542515756,22.863162230845766,21.60854542515756,15.568036240113184,8.309013889384792,104.00200000000001
80,Left,1.587,123.238,15.568036240113184,0.09896079251436593,6.4114208478882295,33.31538556593443,27.671066070797682,27.671066070797682,16.505271979798625,8.407974681899159,105.58900000000001
81,Left,1.625,88.044,16.505271979798625,0.09562798449362749,9.470778435301899,26.696070014920032,25.50589687382779,25.50589687382779,17.48059541257097,8.503602666392785,107.21400000000001
82,Left,1.659,269.496,17.48059541257097,0.09217350884909778,10.199142415652819,33.29511773786174,33.29511773786174,33.29511773786174,18.51673225162891,8.595776175241884,108.87300000000002
83,Right,1.6540000000000001,334.712,18.51673225162891,0.08693589676293519,11.241156510101552,33.29511773786174,33.29511773786174,33.29511773786174,19.534292965498143,8.682712072004819,110.52700000000002
84,Left,1.6219999999999999,214.422,19.534292965498143,0.08107433044297387,11.704724420615461,33.29511773786174,33.29511773786174,33.29511773786174,20.478371737070905,8.763786402447792,112.14900000000002
85,Left,1.579,135.577,20.478371737070905,0.07554936224214392,11.644607687963694,35.66067872674188,28.209857797591678,28.209857797591678,21.32211348579923,8.839335764689936,113.72800000000001
86,Straight,1.527,10000.0,21.32211348579923,0.07021195195645605,11.168085655363173,33.29511773786174,33.29511773786174,33.29511773786174,22.17475442486683,8.909547716646394,115.25500000000001
87,Right,1.4680000000000002,790.645,22.17475442486683,0.0650245993315746,12.143814768123688,33.29511773786174,33.29511773786174,33.29511773786174,22.977388459223793,8.974572315977968,116.72300000000001
88,Left,1.412,195.11700000000002,22.977388459223793,0.0597918687709401,12.343544483283285,33.29511773786174,33.29511773786174,33.29511773786174,24.253113915917115,9.034364184748906,118.13500000000002
89,Left,1.359,108.40799999999999,24.253113915917115,0.05724180113225963,-17.879332769901993,30.52741678556302,26.89345479240628,26.89345479240628,23.229668705124894,9.091605985881166,119.49400000000001
90,Left,1.306,78.187,23.229668705124894,0.05690861177923209,-9.861203569146143,24.812870123858428,24.650692329583332,24.650692329583332,22.668481299532377,9.148514597660398,120.80000000000001
91,Left,1.256,62.586999999999996,22.668481299532377,0.056560636223573046,-16.344396239223723,21.74403184955171,22.948239420442565,21.74403184955171,21.74403184955171,9.20507523388397,122.05600000000001
92,Left,1.216,28.546999999999997,21.74403184955171,0.055923391228157614,0.0,14.128293021832514,16.675055070595718,14.128293021832514,21.74403184955171,9.26099862511213,123.272
93,Left,1.192,15.685,21.74403184955171,0.07198876336750921,0.0,10.395827190494801,12.58504120098607,10.395827190494801,11.372247531849276,9.332987388479637,124.464
94,Left,1.18,14.29,11.372247531849276,0.11081758301086311,-13.068644606100708,9.924011923373241,12.036418053259359,9.924011923373241,9.924011923373241,9.4438049714905,125.644
95,Left,1.1520000000000001,14.432,9.924011923373241,0.10632948942670216,0.0,9.972911874011855,12.093522048633394,9.972911874011855,11.74448298262604,9.550134460917203,126.796
96,Left,1.137,15.677999999999999,11.74448298262604,0.10271936021454156,-13.152122540352707,10.39350536981776,12.582354699011677,10.39350536981776,10.39350536981776,9.652853821131744,127.933
97,Left,1.131,17.213,10.39350536981776,0.10301016664620126,0.0,10.892606545684163,13.156582479115391,10.892606545684163,11.565492209217965,9.755863987777946,129.064
98,Left,1.122,15.14,11.565492209217965,0.10303404645260276,-13.119699494292956,10.213716482078796,12.37391814962027,10.213716482078796,10.213716482078796,9.858898034230549,130.186
99,Left,1.113,12.998,10.213716482078796,0.10613410991536003,0.0,9.469103229872928,11.502698830139739,9.469103229872928,10.759748144658014,9.965032144145908,131.299
100,Left,1.095,12.66,10.759748144658014,0.10891906904778512,-12.971321403363364,9.346923893084066,11.358629293996488,9.346923893084066,9.346923893084066,10.073951213193693,132.394
101,Left,1.095,12.66,9.346923893084066,0.11715084155228947,0.0,9.346923893084066,11.358629293996488,9.346923893084066,9.346923893084066,10.191102054745983,133.489
