,Turn,s,R,vx_entry,time,acceleration,vel_fi,vel_ri,vx_max,vx_exit,time_total,pot
0,Right,1.127,27.808000000000003,0.0,0.5462570934626662,0.0,13.93523578449894,16.47702691808839,13.93523578449894,4.126262206888942,0.5462570934626662,1.127
1,Right,1.167,22.476,4.126262206888942,0.22236750921088896,7.553699999999999,12.4772855425144,14.929315223064282,12.4772855425144,6.369875508025517,0.7686246026735551,2.294
2,Right,1.189,34.58,6.369875508025517,0.16372759113094265,10.089663319512995,15.639582565272248,18.163360650643895,15.639582565272248,8.154249494816384,0.9323521938044979,3.483
3,Right,1.177,32.79,8.154249494816384,0.13257896786873533,10.898431806547475,15.202168340831795,17.74425467532744,15.202168340831795,9.601206274990664,1.064931161673233,4.66
4,Right,1.169,20.679000000000002,9.601206274990664,0.11488114705111487,10.913924006460014,11.955363282974224,14.354811755635682,11.955363282974224,10.75026182934274,1.179812308724348,5.829000000000001
5,Right,1.159,18.429000000000002,10.75026182934274,0.10339179819540756,10.002124664030541,11.274805658957998,13.591573927958338,11.274805658957998,11.669311487479218,1.2832041069197555,6.988
6,Right,1.13,21.311999999999998,11.669311487479218,0.09366971204540113,8.888999651592297,12.141245062419488,14.560551459707899,12.141245062419488,12.458017941104824,1.3768738189651566,8.118
7,Right,1.078,32.791,12.458017941104824,0.08645514602858723,8.420079835873988,15.20241510293429,17.744493850532375,15.20241510293429,12.479768865560196,1.4633289649937438,9.196
8,Left,1.015,75.551,12.479768865560196,0.08671649668880045,-17.8734208919288,24.30334824644769,24.39609586048312,24.30334824644769,10.929848421967716,1.550045461682544,10.211
9,Left,0.9590000000000001,13.65,10.929848421967716,0.09231272660425327,-11.72640763398234,9.700983827514685,11.775299607011942,9.700983827514685,9.847351760001876,1.6423581882867975,11.17
10,Left,0.9540000000000001,10.35,9.847351760001876,0.10415961810693121,-13.216868815239005,8.470687751637174,10.317613676033712,8.470687751637174,8.470687751637174,1.7465178063937286,12.124
11,Left,0.932,9.448,8.470687751637174,0.10451200241308256,0.0,8.1057293546303,9.880536324664586,8.1057293546303,9.364584341156151,1.8510298088068113,13.056000000000001
12,Left,0.9079999999999999,9.175,9.364584341156151,0.1046270364235848,-13.115905488917083,7.992306019838927,9.74434354604162,7.992306019838927,7.992306019838927,1.9556568452303962,13.964
13,Left,0.888,9.415,7.992306019838927,0.10135060830905093,0.0,8.09209552867543,9.864174058232038,8.09209552867543,9.531022449827473,2.0570074535394474,14.852
14,Left,0.8809999999999999,9.738,9.531022449827473,0.09923583344042541,-13.164215611605941,8.224660542020297,10.02316679168106,8.224660542020297,8.224660542020297,2.1562432869798727,15.733
15,Left,0.888,9.902999999999999,8.224660542020297,0.1048675378033107,0.0,8.291639106282494,10.103409886779687,8.291639106282494,8.710990253281688,2.2611108247831835,16.621000000000002
16,Left,0.899,10.5,8.710990253281688,0.09730379144605733,4.637562027760668,8.530013079427842,10.388486045944315,8.530013079427842,9.767220855241911,2.3584146162292403,17.520000000000003
17,Left,0.919,10.255999999999998,9.767220855241911,0.10098601199860252,-13.208772156627884,8.43331963174588,10.272945982613898,8.43331963174588,8.43331963174588,2.4594006282278427,18.439000000000004
18,Left,0.955,10.892000000000001,8.43331963174588,0.10980492187157644,0.0,8.683332797437325,10.571403894755285,8.683332797437325,8.961164763351286,2.5692055500994195,19.394000000000002
19,Left,0.998,15.38,8.961164763351286,0.10669160369405896,4.807117227611648,10.294249925099258,12.467382815175585,10.294249925099258,9.746961564223502,2.6758971537934784,20.392000000000003
20,Left,1.0190000000000001,18.817,9.746961564223502,0.1002078107994017,7.365123155571917,11.39452265234339,13.726920651877977,11.39452265234339,10.590774424039083,2.7761049645928804,21.411
21,Left,1.0270000000000001,73.704,10.590774424039083,0.09280974559614859,8.420629620426942,23.944484605880728,24.210416437117622,23.944484605880728,11.540522098825614,2.8689147101890287,22.438000000000002
22,Right,1.056,24.410999999999998,11.540522098825614,0.08768215461443056,10.233275273905544,13.020763583424907,15.516571408677041,13.020763583424907,12.546477237438541,2.9565968648034593,23.494000000000003
23,Right,1.107,18.354,12.546477237438541,0.093032945699168,-13.919084429042838,11.251543811569263,13.565223720347397,11.251543811569263,11.251543811569263,3.049629810502627,24.601000000000003
24,Right,1.128,16.69,11.251543811569263,0.09763734588454287,0.0,10.724750023787989,12.964210456514502,10.724750023787989,11.854368988106202,3.14726715638717,25.729000000000003
25,Right,1.139,15.866,11.854368988106202,0.10210631289324501,-13.698056723679853,10.455710922248729,12.6542832729955,10.455710922248729,10.455710922248729,3.2493734692804153,26.868000000000002
26,Right,1.145,17.349,10.455710922248729,0.1068159584322079,0.0,10.93590249621182,13.206073305900489,10.93590249621182,10.983033190630039,3.356189427712623,28.013
27,Right,1.17,18.617,10.983033190630039,0.10321556192088618,4.936736758449649,11.332942573983356,13.657356564133,11.332942573983356,11.68796676762809,3.4594049896335095,29.183
28,Right,1.198,20.467,11.68796676762809,0.09933885853695162,6.8297218353408535,11.892589781397644,14.285058392282771,11.892589781397644,12.431497008057905,3.558743848170461,30.381
29,Right,1.234,23.276,12.431497008057905,0.09174086126673561,7.484787437468282,12.70416907016128,15.17588701740275,12.70416907016128,14.47036510575325,3.6504847094371966,31.615000000000002
30,Right,1.268,24.836,14.47036510575325,0.09185689622340175,-14.507010877039438,13.13779611310928,15.64148043650038,13.13779611310928,13.13779611310928,3.7423416056605983,32.883
31,Right,1.304,27.741,13.13779611310928,0.09743267189337848,0.0,13.917635597224427,16.458888787903486,13.917635597224427,13.629405784565861,3.839774277553977,34.187000000000005
32,Right,1.3430000000000002,35.304,13.629405784565861,0.09599363968044024,5.0456347127024905,15.814166309079022,18.32789084795777,15.814166309079022,14.351614717850847,3.935767917234417,35.53000000000001
33,Right,1.3769999999999998,73.25399999999999,14.351614717850847,0.09307535909017331,7.523508179179329,23.856803412557714,24.164230934755604,23.856803412557714,15.237312221790269,4.02884327632459,36.90700000000001
34,Right,1.412,585.35,15.237312221790269,0.08971710863100194,9.515918204315932,33.29511773786174,33.29511773786174,33.29511773786174,16.239404349793055,4.118560384955592,38.31900000000001
35,Left,1.45,1028.4180000000001,16.239404349793055,0.08655328314726744,11.169465259121274,33.29511773786174,33.29511773786174,33.29511773786174,17.265968231692376,4.205113668102859,39.76900000000001
36,Left,1.486,648.173,17.265968231692376,0.08361890598273389,11.860484600597498,33.29511773786174,33.29511773786174,33.29511773786174,18.276233200764484,4.288732574085593,41.25500000000001
37,Right,1.526,569.8240000000001,18.276233200764484,0.08129790151798347,12.081776928302688,33.29511773786174,33.29511773786174,33.29511773786174,19.2647111903387,4.370030475603577,42.78100000000001
38,Right,1.5719999999999998,362.525,19.2647111903387,0.07961379851388549,12.158714691492522,33.29511773786174,33.29511773786174,33.29511773786174,20.225930616579394,4.449644274117462,44.353000000000016
39,Left,1.598,749.387,20.225930616579394,0.07720215473067737,12.07352800875396,33.29511773786174,33.29511773786174,33.29511773786174,21.171877658971546,4.52684642884814,45.951000000000015
40,Left,1.6219999999999999,296.97700000000003,21.171877658971546,0.07501384756809906,12.25285804123118,33.29511773786174,33.29511773786174,33.29511773786174,22.07347110220261,4.601860276416239,47.573000000000015
41,Left,1.661,578.78,22.07347110220261,0.07374397098017565,12.019026785855505,33.29511773786174,33.29511773786174,33.29511773786174,22.974279321937722,4.675604247396414,49.234000000000016
42,Straight,1.694,10000.0,22.974279321937722,0.07230526334789349,12.215347339747584,33.29511773786174,33.29511773786174,33.29511773786174,23.882613843623293,4.747909510744307,50.92800000000002
43,Right,1.7280000000000002,1460.656,23.882613843623293,0.07104575041535664,12.562495171550106,33.29511773786174,33.29511773786174,33.29511773786174,24.762097202359,4.818955261159664,52.65600000000002
44,Straight,1.758,10000.0,24.762097202359,0.06979605228622775,12.37911280539599,33.29511773786174,33.29511773786174,33.29511773786174,25.61324473791549,4.888751313445892,54.41400000000002
45,Right,1.79,470.108,25.61324473791549,0.06877671502072237,12.19478047362915,33.29511773786174,33.29511773786174,33.29511773786174,26.439255863797584,4.957528028466615,56.20400000000002
46,Right,1.8219999999999998,374.74199999999996,26.439255863797584,0.06788223218813833,12.010040398603193,33.29511773786174,33.29511773786174,33.29511773786174,27.241948812862248,5.025410260654754,58.026000000000025
47,Right,1.8519999999999999,629.554,27.241948812862248,0.06702374572485979,11.824787182012034,33.29511773786174,33.29511773786174,33.29511773786174,28.022046953732875,5.092434006379612,59.87800000000002
48,Right,1.857,632.705,28.022046953732875,0.06573816477167481,11.639130765281624,33.29511773786174,33.29511773786174,33.29511773786174,28.474814692765115,5.158172171151287,61.73500000000002
49,Right,1.8219999999999998,974.329,28.474814692765115,0.06598127742426162,-26.095908965900012,33.29511773786174,33.29511773786174,33.29511773786174,26.75297328364779,5.224153448575549,63.55700000000002
50,Right,1.754,564.457,26.75297328364779,0.06769081601189851,-24.849416703051038,33.29511773786174,33.29511773786174,33.29511773786174,25.070895989598565,5.291844264587448,65.31100000000002
51,Right,1.6680000000000001,314.087,25.070895989598565,0.06875525765975918,-23.58897682252636,33.29511773786174,33.29511773786174,33.29511773786174,23.44902981023568,5.360599522247207,66.97900000000003
52,Right,1.5859999999999999,527.395,23.44902981023568,0.07002430598647927,-22.842109294162967,33.29511773786174,33.29511773786174,33.29511773786174,21.84952695964461,5.430623828233687,68.56500000000003
53,Left,1.506,475.469,21.84952695964461,0.07149396098331685,-21.954602113482522,33.29511773786174,33.29511773786174,33.29511773786174,20.279905492739044,5.502117789217003,70.07100000000003
54,Left,1.445,340.72900000000004,20.279905492739044,0.07410901195657728,-21.09330753313705,33.29511773786174,33.29511773786174,33.29511773786174,18.71670131256203,5.576226801173581,71.51600000000002
55,Straight,1.399,10000.0,18.71670131256203,0.07807443709466008,-20.439575455858623,33.29511773786174,33.29511773786174,33.29511773786174,17.120892964392038,5.654301238268241,72.91500000000002
56,Right,1.344,294.502,17.120892964392038,0.08239758988832667,-19.65436780347552,33.29511773786174,33.29511773786174,33.29511773786174,15.50142042660693,5.736698828156568,74.25900000000001
57,Right,1.2919999999999998,61.248000000000005,15.50142042660693,0.08787071506927292,-18.163065138342798,21.47331027986451,22.777349354304626,21.47331027986451,13.905418905050967,5.82456954322584,75.55100000000002
58,Right,1.25,25.195,13.905418905050967,0.09453206688875537,-14.437273995964764,13.23603724780092,15.745894668871568,13.23603724780092,12.540633553973137,5.919101610114595,76.80100000000002
59,Right,1.224,17.881,12.540633553973137,0.10353338178913432,-13.87686976941101,11.10391429809861,13.397611793602188,11.10391429809861,11.10391429809861,6.022634991903729,78.02500000000002
60,Right,1.204,15.209000000000001,11.10391429809861,0.10680184343334184,0.0,10.236925171451913,12.400869713977322,10.236925171451913,11.44251301617245,6.129436835337071,79.22900000000001
61,Right,1.186,14.33,11.44251301617245,0.11094314495866424,-13.5628524079209,9.937807515427513,12.0525336423768,9.937807515427513,9.937807515427513,6.240379980295735,80.41500000000002
62,Right,1.1740000000000002,15.317,9.937807515427513,0.11491407675778681,0.0,10.273161995608325,12.44292417642837,10.273161995608325,10.494850225443168,6.355294057053523,81.58900000000003
63,Right,1.176,15.267999999999999,10.494850225443168,0.10803194203863573,4.847471482451842,10.256734740530927,12.423863594381467,10.256734740530927,11.276488469540656,6.463325999092158,82.76500000000003
64,Right,1.18,13.818,11.276488469540656,0.11218626262269535,-13.517993932755564,9.759955252068538,11.844447856745205,9.759955252068538,9.759955252068538,6.575512261714853,83.94500000000004
65,Right,1.187,14.075999999999999,9.759955252068538,0.11828079083418784,0.0,9.849922768624092,11.949796442779846,9.849922768624092,10.310928475180098,6.693793052549041,85.13200000000003
66,Right,1.192,14.577,10.310928475180098,0.10984423310905787,4.65818007493663,10.022632987031255,12.151529053378596,10.022632987031255,11.392532257556471,6.803637285658099,86.32400000000003
67,Right,1.197,14.126,11.392532257556471,0.11260684665831684,-13.544966603601463,9.867276280232698,11.970096323801599,9.867276280232698,9.867276280232698,6.916244132316416,87.52100000000003
68,Right,1.21,16.404,9.867276280232698,0.11894640874767935,0.0,10.632020320902386,12.857605354282253,10.632020320902386,10.478020610012543,7.035190541064096,88.73100000000002
69,Right,1.226,24.503,10.478020610012543,0.11229208876886324,5.134617650167272,13.046165850674688,15.543731187033481,13.046165850674688,11.357889888073228,7.147482629832959,89.95700000000002
70,Right,1.24,52.493,11.357889888073228,0.1045175004097707,7.835541111642931,19.663428500021435,21.540040713799513,19.663428500021435,12.370193832613992,7.25200013024273,91.19700000000002
71,Left,1.258,89.296,12.370193832613992,0.09758773405270045,9.685497075340802,26.93330464031345,25.604705562905597,25.604705562905597,13.411734853641605,7.34958786429543,92.45500000000001
72,Left,1.3,30.230999999999998,13.411734853641605,0.0969300403107074,10.67286817485841,14.561233484455116,17.112819909954755,14.561233484455116,13.411734853641605,7.446517904606137,93.75500000000001
73,Left,1.35,24.543000000000003,13.411734853641605,0.097738478224016,10.67286817485841,13.057198491167178,15.555518902540893,13.057198491167178,14.213004645694742,7.544256382830153,95.105
74,Left,1.3980000000000001,23.337,14.213004645694742,0.10380798651153365,-14.369467332581493,12.7213391746562,15.194465860342401,12.7213391746562,12.7213391746562,7.648064369341687,96.503
75,Left,1.4369999999999998,28.605999999999998,12.7213391746562,0.11040026482760576,0.0,14.143623074645816,16.690706272386684,14.143623074645816,13.311207074103807,7.758464634169292,97.94
76,Left,1.4680000000000002,35.938,13.311207074103807,0.10694116202569255,5.342993518799162,15.965999087955593,18.46968989287664,15.965999087955593,14.143142068788693,7.865405796194985,99.408
77,Left,1.4980000000000002,31.061999999999998,14.143142068788693,0.09811607470431435,7.779371188102603,14.771508855450378,17.322204878749158,14.771508855450378,16.392119447011233,7.963521870899299,100.906
78,Left,1.5319999999999998,31.614,16.392119447011233,0.09788466929989054,-15.14123759915169,14.9100244118272,17.458954499175764,14.9100244118272,14.9100244118272,8.06140654019919,102.438
79,Left,1.564,61.916000000000004,14.9100244118272,0.10263120202173548,0.0,21.60854542515756,22.863162230845766,21.60854542515756,15.568036240113184,8.164037742220925,104.00200000000001
80,Left,1.587,123.238,15.568036240113184,0.09896079251436593,6.4114208478882295,33.31538556593443,27.671066070797682,27.671066070797682,16.505271979798625,8.262998534735292,105.58900000000001
81,Left,1.625,88.044,16.505271979798625,0.09562798449362749,9.470778435301899,26.696070014920032,25.50589687382779,25.50589687382779,17.48059541257097,8.358626519228919,107.21400000000001
82,Left,1.659,269.496,17.48059541257097,0.09217350884909778,10.199142415652819,33.29511773786174,33.29511773786174,33.29511773786174,18.51673225162891,8.450800028078017,108.87300000000002
83,Right,1.6540000000000001,334.712,18.51673225162891,0.08693589676293519,11.241156510101552,33.29511773786174,33.29511773786174,33.29511773786174,19.534292965498143,8.537735924840952,110.52700000000002
84,Left,1.6219999999999999,214.422,19.534292965498143,0.08107433044297387,11.704724420615461,33.29511773786174,33.29511773786174,33.29511773786174,20.478371737070905,8.618810255283925,112.14900000000002
85,Left,1.579,135.577,20.478371737070905,0.07554936224214392,11.644607687963694,35.66067872674188,28.209857797591678,28.209857797591678,21.32211348579923,8.69435961752607,113.72800000000001
86,Straight,1.527,10000.0,21.32211348579923,0.07021195195645605,11.168085655363173,33.29511773786174,33.29511773786174,33.29511773786174,22.17475442486683,8.764571569482525,115.25500000000001
87,Right,1.4680000000000002,790.645,22.17475442486683,0.0650245993315746,12.143814768123688,33.29511773786174,33.29511773786174,33.29511773786174,22.977388459223793,8.8295961688141,116.72300000000001
88,Left,1.412,195.11700000000002,22.977388459223793,0.06051947874316452,12.343544483283285,33.29511773786174,33.29511773786174,33.29511773786174,23.685273854584747,8.890115647557264,118.13500000000002
89,Left,1.359,108.40799999999999,23.685273854584747,0.05716502478715775,11.696819107862952,30.52741678556302,26.89345479240628,26.89345479240628,23.86128123080034,8.947280672344423,119.49400000000001
90,Left,1.306,78.187,23.86128123080034,0.0560043890255,-19.344210449770365,24.812870123858428,24.650692329583332,24.650692329583332,22.777920543380258,9.003285061369922,120.80000000000001
91,Left,1.256,62.586999999999996,22.777920543380258,0.056421604736246696,-18.324340448338088,21.74403184955171,22.948239420442565,21.74403184955171,21.74403184955171,9.05970666610617,122.05600000000001
92,Left,1.216,28.546999999999997,21.74403184955171,0.055923391228157614,0.0,14.128293021832514,16.675055070595718,14.128293021832514,21.74403184955171,9.115630057334325,123.272
93,Left,1.192,15.685,21.74403184955171,0.07187849783213349,0.0,10.395827190494801,12.58504120098607,10.395827190494801,11.423049710327879,9.18750855516646,124.464
94,Left,1.18,14.29,11.423049710327879,0.11055385703642749,-13.559344080240493,9.924011923373241,12.036418053259359,9.924011923373241,9.924011923373241,9.298062412202887,125.644
95,Left,1.1520000000000001,14.432,9.924011923373241,0.10607915882320684,0.0,9.972911874011855,12.093522048633394,9.972911874011855,11.795617319161403,9.404141571026095,126.796
96,Left,1.137,15.677999999999999,11.795617319161403,0.1024826457482902,-13.681457373645484,10.39350536981776,12.582354699011677,10.39350536981776,10.39350536981776,9.506624216774386,127.933
97,Left,1.131,17.213,10.39350536981776,0.1027771300046317,0.0,10.892606545684163,13.156582479115391,10.892606545684163,11.61528199268265,9.609401346779018,129.064
98,Left,1.122,15.14,11.61528199268265,0.10279903599766609,-13.634033597704892,10.213716482078796,12.37391814962027,10.213716482078796,10.213716482078796,9.712200382776684,130.186
99,Left,1.113,12.998,10.213716482078796,0.10590560663428675,0.0,9.469103229872928,11.502698830139739,9.469103229872928,10.805000758140823,9.818105989410972,131.299
100,Left,1.095,12.66,10.805000758140823,0.10867448335099276,-13.416920146263912,9.346923893084066,11.358629293996488,9.346923893084066,9.346923893084066,9.926780472761966,132.394
101,Left,1.095,12.66,9.346923893084066,0.11715084155228947,0.0,9.346923893084066,11.358629293996488,9.346923893084066,9.346923893084066,10.043931314314255,133.489
