,Turn,s,R,vx_entry,time,acceleration,vel_fi,vel_ri,vx_max,vx_exit,time_total,pot
0,Right,1.127,27.808000000000003,0.0,0.5462570934626662,0.0,13.93523578449894,16.47702691808839,13.93523578449894,4.126262206888942,0.5462570934626662,1.127
1,Right,1.167,22.476,4.126262206888942,0.22236750921088896,7.553699999999999,12.4772855425144,14.929315223064282,12.4772855425144,6.369875508025517,0.7686246026735551,2.294
2,Right,1.189,34.58,6.369875508025517,0.16372759113094265,10.089663319512995,15.639582565272248,18.163360650643895,15.639582565272248,8.154249494816384,0.9323521938044979,3.483
3,Right,1.177,32.79,8.154249494816384,0.13257896786873533,10.898431806547475,15.202168340831795,17.74425467532744,15.202168340831795,9.601206274990664,1.064931161673233,4.66
4,Right,1.169,20.679000000000002,9.601206274990664,0.11488114705111487,10.913924006460014,11.955363282974224,14.354811755635682,11.955363282974224,10.75026182934274,1.179812308724348,5.829000000000001
5,Right,1.159,18.429000000000002,10.75026182934274,0.10339179819540756,10.002124664030541,11.274805658957998,13.591573927958338,11.274805658957998,11.669311487479218,1.2832041069197555,6.988
6,Right,1.13,21.311999999999998,11.669311487479218,0.09540230723500051,8.888999651592297,12.141245062419488,14.560551459707899,12.141245062419488,12.019843057106758,1.378606414154756,8.118
7,Right,1.078,32.791,12.019843057106758,0.09228891940276096,-7.349401933937541,15.20241510293429,17.744493850532375,15.20241510293429,11.3415746943671,1.470895333557517,9.196
8,Left,1.015,75.551,11.3415746943671,0.09421963955755938,-12.07548135594967,24.30334824644769,24.39609586048312,24.30334824644769,10.203827193525493,1.5651149731150764,10.211
9,Left,0.9590000000000001,13.65,10.203827193525493,0.0968250118326507,-6.183558910342123,9.700983827514685,11.775299607011942,9.700983827514685,9.605104028863725,1.661939984947727,11.17
10,Left,0.9540000000000001,10.35,9.605104028863725,0.10555554208464817,-10.747102945261057,8.470687751637174,10.317613676033712,8.470687751637174,8.470687751637174,1.7674955270323753,12.124
11,Left,0.932,9.448,8.470687751637174,0.1059305940419346,0.0,8.1057293546303,9.880536324664586,8.1057293546303,9.125739577582758,1.87342612107431,13.056000000000001
12,Left,0.9079999999999999,9.175,9.125739577582758,0.10608687713003435,-10.684012843120483,7.992306019838927,9.74434354604162,7.992306019838927,7.992306019838927,1.9795129982043442,13.964
13,Left,0.888,9.415,7.992306019838927,0.10269395447929826,0.0,8.09209552867543,9.864174058232038,8.09209552867543,9.30179867215653,2.0822069526836424,14.852
14,Left,0.8809999999999999,9.738,9.30179867215653,0.10053371182781466,-10.714198357472963,8.224660542020297,10.02316679168106,8.224660542020297,8.224660542020297,2.1827406645114573,15.733
15,Left,0.888,9.902999999999999,8.224660542020297,0.1048675378033107,0.0,8.291639106282494,10.103409886779687,8.291639106282494,8.710990253281688,2.287608202314768,16.621000000000002
16,Left,0.899,10.5,8.710990253281688,0.0985567798794136,4.637562027760668,8.530013079427842,10.388486045944315,8.530013079427842,9.53230059083774,2.3861649821941815,17.520000000000003
17,Left,0.919,10.255999999999998,9.53230059083774,0.10230651529021796,-10.742042732804721,8.43331963174588,10.272945982613898,8.43331963174588,8.43331963174588,2.4884714974843996,18.439000000000004
18,Left,0.955,10.892000000000001,8.43331963174588,0.10980492187157644,0.0,8.683332797437325,10.571403894755285,8.683332797437325,8.961164763351286,2.598276419355976,19.394000000000002
19,Left,0.998,15.38,8.961164763351286,0.10669160369405896,4.807117227611648,10.294249925099258,12.467382815175585,10.294249925099258,9.746961564223502,2.704968023050035,20.392000000000003
20,Left,1.0190000000000001,18.817,9.746961564223502,0.1002078107994017,7.365123155571917,11.39452265234339,13.726920651877977,11.39452265234339,10.590774424039083,2.8051758338494364,21.411
21,Left,1.0270000000000001,73.704,10.590774424039083,0.09280974559614859,8.420629620426942,23.944484605880728,24.210416437117622,23.944484605880728,11.540522098825614,2.897985579445585,22.438000000000002
22,Right,1.056,24.410999999999998,11.540522098825614,0.08857748144762888,10.233275273905544,13.020763583424907,15.516571408677041,13.020763583424907,12.303009750165968,2.986563060893214,23.494000000000003
23,Right,1.107,18.354,12.303009750165968,0.09399456432902553,-11.186454728552972,11.251543811569263,13.565223720347397,11.251543811569263,11.251543811569263,3.0805576252222395,24.601000000000003
24,Right,1.128,16.69,11.251543811569263,0.09873733699758665,0.0,10.724750023787989,12.964210456514502,10.724750023787989,11.596955738860592,3.179294962219826,25.729000000000003
25,Right,1.139,15.866,11.596955738860592,0.10329816502497341,-11.048064758323202,10.455710922248729,12.6542832729955,10.455710922248729,10.455710922248729,3.2825931272447995,26.868000000000002
26,Right,1.145,17.349,10.455710922248729,0.1068159584322079,0.0,10.93590249621182,13.206073305900489,10.93590249621182,10.983033190630039,3.3894090856770074,28.013
27,Right,1.17,18.617,10.983033190630039,0.10321556192088618,4.936736758449649,11.332942573983356,13.657356564133,11.332942573983356,11.68796676762809,3.4926246475978937,29.183
28,Right,1.198,20.467,11.68796676762809,0.09933885853695162,6.8297218353408535,11.892589781397644,14.285058392282771,11.892589781397644,12.431497008057905,3.591963506134845,30.381
29,Right,1.234,23.276,12.431497008057905,0.09263975704614856,7.484787437468282,12.70416907016128,15.17588701740275,12.70416907016128,14.209332790001302,3.6846032631809935,31.615000000000002
30,Right,1.268,24.836,14.209332790001302,0.09273368363402655,-11.554988812057118,13.13779611310928,15.64148043650038,13.13779611310928,13.13779611310928,3.77733694681502,32.883
31,Right,1.304,27.741,13.13779611310928,0.09743267189337848,0.0,13.917635597224427,16.458888787903486,13.917635597224427,13.629405784565861,3.874769618708399,34.187000000000005
32,Right,1.3430000000000002,35.304,13.629405784565861,0.09599363968044024,5.0456347127024905,15.814166309079022,18.32789084795777,15.814166309079022,14.351614717850847,3.970763258388839,35.53000000000001
33,Right,1.3769999999999998,73.25399999999999,14.351614717850847,0.09307535909017331,7.523508179179329,23.856803412557714,24.164230934755604,23.856803412557714,15.237312221790269,4.063838617479012,36.90700000000001
34,Right,1.412,585.35,15.237312221790269,0.08971710863100194,9.515918204315932,33.29511773786174,33.29511773786174,33.29511773786174,16.239404349793055,4.153555726110014,38.31900000000001
35,Left,1.45,1028.4180000000001,16.239404349793055,0.08655328314726744,11.169465259121274,33.29511773786174,33.29511773786174,33.29511773786174,17.265968231692376,4.2401090092572815,39.76900000000001
36,Left,1.486,648.173,17.265968231692376,0.08361890598273389,11.860484600597498,33.29511773786174,33.29511773786174,33.29511773786174,18.276233200764484,4.323727915240015,41.25500000000001
37,Right,1.526,569.8240000000001,18.276233200764484,0.08129790151798347,12.081776928302688,33.29511773786174,33.29511773786174,33.29511773786174,19.2647111903387,4.405025816757998,42.78100000000001
38,Right,1.5719999999999998,362.525,19.2647111903387,0.07961379851388549,12.158714691492522,33.29511773786174,33.29511773786174,33.29511773786174,20.225930616579394,4.484639615271885,44.353000000000016
39,Left,1.598,749.387,20.225930616579394,0.07720215473067737,12.07352800875396,33.29511773786174,33.29511773786174,33.29511773786174,21.171877658971546,4.5618417700025615,45.951000000000015
40,Left,1.6219999999999999,296.97700000000003,21.171877658971546,0.07501384756809906,12.25285804123118,33.29511773786174,33.29511773786174,33.29511773786174,22.07347110220261,4.63685561757066,47.573000000000015
41,Left,1.661,578.78,22.07347110220261,0.07374397098017565,12.019026785855505,33.29511773786174,33.29511773786174,33.29511773786174,22.974279321937722,4.710599588550837,49.234000000000016
42,Straight,1.694,10000.0,22.974279321937722,0.07230526334789349,12.215347339747584,33.29511773786174,33.29511773786174,33.29511773786174,23.882613843623293,4.78290485189873,50.92800000000002
43,Right,1.7280000000000002,1460.656,23.882613843623293,0.07104575041535664,12.562495171550106,33.29511773786174,33.29511773786174,33.29511773786174,24.762097202359,4.853950602314086,52.65600000000002
44,Straight,1.758,10000.0,24.762097202359,0.06887430781590465,12.37911280539599,33.29511773786174,33.29511773786174,33.29511773786174,26.28741765299139,4.922824910129991,54.41400000000002
45,Right,1.79,470.108,26.28741765299139,0.06942234253059128,-14.497101602838603,33.29511773786174,33.29511773786174,33.29511773786174,25.280994899818346,4.992247252660582,56.20400000000002
46,Right,1.8219999999999998,374.74199999999996,25.280994899818346,0.07355888154497103,-13.913266254551122,33.29511773786174,33.29511773786174,33.29511773786174,24.257550595496177,5.065806134205554,58.026000000000025
47,Right,1.8519999999999999,629.554,24.257550595496177,0.0780593430615295,-13.630948518074481,33.29511773786174,33.29511773786174,33.29511773786174,23.193527708869755,5.143865477267083,59.87800000000002
48,Right,1.857,632.705,23.193527708869755,0.0819562394082821,-13.058047059117994,33.29511773786174,33.29511773786174,33.29511773786174,22.123339277888068,5.225821716675364,61.73500000000002
49,Right,1.8219999999999998,974.329,22.123339277888068,0.084425488030199,-12.843961676148709,33.29511773786174,33.29511773786174,33.29511773786174,21.03898154513804,5.310247204705563,63.55700000000002
50,Right,1.754,564.457,21.03898154513804,0.08548626705859709,-12.19063854130671,33.29511773786174,33.29511773786174,33.29511773786174,19.996849363181067,5.395733471764161,65.31100000000002
51,Right,1.6680000000000001,314.087,19.996849363181067,0.0856476621086888,-12.182745098636587,33.29511773786174,33.29511773786174,33.29511773786174,18.953425727416757,5.4813811338728495,66.97900000000003
52,Right,1.5859999999999999,527.395,18.953425727416757,0.08588034271571406,-11.315049735606662,33.29511773786174,33.29511773786174,33.29511773786174,17.981685378277508,5.567261476588564,68.56500000000003
53,Left,1.506,475.469,17.981685378277508,0.0861899652526752,-11.803082173779178,33.29511773786174,33.29511773786174,33.29511773786174,16.96437813584501,5.65345144184124,70.07100000000003
54,Left,1.445,340.72900000000004,16.96437813584501,0.0875286788462692,-10.408093606830978,33.29511773786174,33.29511773786174,33.29511773786174,16.053371453130794,5.740980120687508,71.51600000000002
55,Straight,1.399,10000.0,16.053371453130794,0.090097943003074,-11.672296401864672,33.29511773786174,33.29511773786174,33.29511773786174,15.001721557200606,5.831078063690582,72.91500000000002
56,Right,1.344,294.502,15.001721557200606,0.0922299121618938,-9.312438428534298,33.29511773786174,33.29511773786174,33.29511773786174,14.142836178923842,5.9233079758524765,74.25900000000001
57,Right,1.2919999999999998,61.248000000000005,14.142836178923842,0.09519105102544953,-11.978683757586467,21.47331027986451,22.777349354304626,21.47331027986451,13.002572682137705,6.018499026877926,75.55100000000002
58,Right,1.25,25.195,13.002572682137705,0.09891130500311535,-7.38010542261025,13.23603724780092,15.745894668871568,13.23603724780092,12.272596823726756,6.117410331881041,76.80100000000002
59,Right,1.224,17.881,12.272596823726756,0.10472050286898615,-11.160016363655766,11.10391429809861,13.397611793602188,11.10391429809861,11.10391429809861,6.222130834750027,78.02500000000002
60,Right,1.204,15.209000000000001,11.10391429809861,0.10810929877372648,0.0,10.236925171451913,12.400869713977322,10.236925171451913,11.16984038640786,6.330240133523754,79.22900000000001
61,Right,1.186,14.33,11.16984038640786,0.11237632970908841,-10.963455330582,9.937807515427513,12.0525336423768,9.937807515427513,9.937807515427513,6.442616463232842,80.41500000000002
62,Right,1.1740000000000002,15.317,9.937807515427513,0.11491407675778681,0.0,10.273161995608325,12.44292417642837,10.273161995608325,10.494850225443168,6.557530539990629,81.58900000000003
63,Right,1.176,15.267999999999999,10.494850225443168,0.10940669525969865,4.847471482451842,10.256734740530927,12.423863594381467,10.256734740530927,11.002920038223584,6.6669372352503276,82.76500000000003
64,Right,1.18,13.818,11.002920038223584,0.11366441145574091,-10.935391036085518,9.759955252068538,11.844447856745205,9.759955252068538,9.759955252068538,6.780601646706069,83.94500000000004
65,Right,1.187,14.075999999999999,9.759955252068538,0.11828079083418784,0.0,9.849922768624092,11.949796442779846,9.849922768624092,10.310928475180098,6.898882437540257,85.13200000000003
66,Right,1.192,14.577,10.310928475180098,0.11125779829421167,4.65818007493663,10.022632987031255,12.151529053378596,10.022632987031255,11.11678298910501,7.010140235834468,86.32400000000003
67,Right,1.197,14.126,11.11678298910501,0.1140866011324204,-10.952265178116827,9.867276280232698,11.970096323801599,9.867276280232698,9.867276280232698,7.124226836966889,87.52100000000003
68,Right,1.21,16.404,9.867276280232698,0.11894640874767935,0.0,10.632020320902386,12.857605354282253,10.632020320902386,10.478020610012543,7.243173245714568,88.73100000000002
69,Right,1.226,24.503,10.478020610012543,0.11229208876886324,5.134617650167272,13.046165850674688,15.543731187033481,13.046165850674688,11.357889888073228,7.355465334483432,89.95700000000002
70,Right,1.24,52.493,11.357889888073228,0.1045175004097707,7.835541111642931,19.663428500021435,21.540040713799513,19.663428500021435,12.370193832613992,7.459982834893202,91.19700000000002
71,Left,1.258,89.296,12.370193832613992,0.09758773405270045,9.685497075340802,26.93330464031345,25.604705562905597,25.604705562905597,13.411734853641605,7.557570568945902,92.45500000000001
72,Left,1.3,30.230999999999998,13.411734853641605,0.09310114947870722,10.67286817485841,14.561233484455116,17.112819909954755,14.561233484455116,14.51488060232154,7.65067171842461,93.75500000000001
73,Left,1.35,24.543000000000003,14.51488060232154,0.09493790069019475,-6.2158340328897,13.057198491167178,15.555518902540893,13.057198491167178,13.924762368200325,7.745609619114804,95.105
74,Left,1.3980000000000001,23.337,13.924762368200325,0.10493092190251642,-11.4687183884855,12.7213391746562,15.194465860342401,12.7213391746562,12.7213391746562,7.85054054101732,96.503
75,Left,1.4369999999999998,28.605999999999998,12.7213391746562,0.11040026482760576,0.0,14.143623074645816,16.690706272386684,14.143623074645816,13.311207074103807,7.960940805844926,97.94
76,Left,1.4680000000000002,35.938,13.311207074103807,0.10694116202569255,5.342993518799162,15.965999087955593,18.46968989287664,15.965999087955593,14.143142068788693,8.067881967870619,99.408
77,Left,1.4980000000000002,31.061999999999998,14.143142068788693,0.09909193532420611,7.779371188102603,14.771508855450378,17.322204878749158,14.771508855450378,16.091407192942594,8.166973903194826,100.906
78,Left,1.5319999999999998,31.614,16.091407192942594,0.09883414543761203,-11.953184558681968,14.9100244118272,17.458954499175764,14.9100244118272,14.9100244118272,8.265808048632437,102.438
79,Left,1.564,61.916000000000004,14.9100244118272,0.10263120202173548,0.0,21.60854542515756,22.863162230845766,21.60854542515756,15.568036240113184,8.368439250654173,104.00200000000001
80,Left,1.587,123.238,15.568036240113184,0.09896079251436593,6.4114208478882295,33.31538556593443,27.671066070797682,27.671066070797682,16.505271979798625,8.467400043168539,105.58900000000001
81,Left,1.625,88.044,16.505271979798625,0.09562798449362749,9.470778435301899,26.696070014920032,25.50589687382779,25.50589687382779,17.48059541257097,8.563028027662167,107.21400000000001
82,Left,1.659,269.496,17.48059541257097,0.09217350884909778,10.199142415652819,33.29511773786174,33.29511773786174,33.29511773786174,18.51673225162891,8.655201536511264,108.87300000000002
83,Right,1.6540000000000001,334.712,18.51673225162891,0.08470428895968166,11.241156510101552,33.29511773786174,33.29511773786174,33.29511773786174,20.536780157578296,8.739905825470945,110.52700000000002
84,Left,1.6219999999999999,214.422,20.536780157578296,0.08096822098275686,-12.454994113457701,33.29511773786174,33.29511773786174,33.29511773786174,19.528321441860918,8.820874046453703,112.14900000000002
85,Left,1.579,135.577,19.528321441860918,0.08284403340683943,-11.308220016617268,35.66067872674188,28.209857797591678,28.209857797591678,18.591502885032387,8.903718079860543,113.72800000000001
86,Straight,1.527,10000.0,18.591502885032387,0.0844221130552626,-11.93585025386693,33.29511773786174,33.29511773786174,33.29511773786174,17.583853185489748,8.988140192915804,115.25500000000001
87,Right,1.4680000000000002,790.645,17.583853185489748,0.08571862357486158,-10.687367776077814,33.29511773786174,33.29511773786174,33.29511773786174,16.667746730086026,9.073858816490667,116.72300000000001
88,Left,1.412,195.11700000000002,16.667746730086026,0.08740330463445063,-11.732992311162873,33.29511773786174,33.29511773786174,33.29511773786174,15.642244428839792,9.161262121125116,118.13500000000002
89,Left,1.359,108.40799999999999,15.642244428839792,0.08931629823147794,-9.553830325442666,30.52741678556302,26.89345479240628,26.89345479240628,14.788931670239617,9.250578419356593,119.49400000000001
90,Left,1.306,78.187,14.788931670239617,0.09166430914857142,-11.810322290277643,24.812870123858428,24.650692329583332,24.650692329583332,13.706346636679342,9.342242728505166,120.80000000000001
91,Left,1.256,62.586999999999996,13.706346636679342,0.09425365867863664,-8.076163522074948,21.74403184955171,22.948239420442565,21.74403184955171,12.945138676636834,9.436496387183801,122.05600000000001
92,Left,1.216,28.546999999999997,12.945138676636834,0.09863539964315879,-12.508847604112104,14.128293021832514,16.675055070595718,14.128293021832514,11.711323494129868,9.53513178682696,123.272
93,Left,1.192,15.685,11.711323494129868,0.10427436417190393,-5.36934185431087,10.395827190494801,12.58504120098607,10.395827190494801,11.15143878625001,9.639406150998866,124.464
94,Left,1.18,14.29,11.15143878625001,0.11197862539292702,-10.96126031704527,9.924011923373241,12.036418053259359,9.924011923373241,9.924011923373241,9.751384776391792,125.644
95,Left,1.1520000000000001,14.432,9.924011923373241,0.10735264744248184,0.0,9.972911874011855,12.093522048633394,9.972911874011855,11.537964608080758,9.858737423834274,126.796
96,Left,1.137,15.677999999999999,11.537964608080758,0.10368662029000465,-11.037675208836223,10.39350536981776,12.582354699011677,10.39350536981776,10.39350536981776,9.962424044124278,127.933
97,Left,1.131,17.213,10.39350536981776,0.10398906012100177,0.0,10.892606545684163,13.156582479115391,10.892606545684163,11.358782778261803,10.06641310424528,129.064
98,Left,1.122,15.14,11.358782778261803,0.10402132701079396,-11.007995466777562,10.213716482078796,12.37391814962027,10.213716482078796,10.213716482078796,10.170434431256075,130.186
99,Left,1.113,12.998,10.213716482078796,0.10723744819342593,0.0,9.469103229872928,11.502698830139739,9.469103229872928,10.543957609390889,10.2776718794495,131.299
100,Left,1.095,12.66,10.543957609390889,0.11010070115432068,-10.872171600696912,9.346923893084066,11.358629293996488,9.346923893084066,9.346923893084066,10.387772580603821,132.394
101,Left,1.095,12.66,9.346923893084066,0.11715084155228947,0.0,9.346923893084066,11.358629293996488,9.346923893084066,9.346923893084066,10.50492342215611,133.489
