,Turn,s,R,vx_entry,time,acceleration,vel_fi,vel_ri,vx_max,vx_exit,time_total,pot
0,Right,1.127,27.808000000000003,0.0,0.027204654964397716,0.0,13.93523578449894,16.47702691808839,13.93523578449894,82.85346764918624,0.027204654964397716,1.127
1,Right,1.167,22.476,82.85346764918624,0.014159616293638242,-61.580774711858226,12.4772855425144,14.929315223064282,12.4772855425144,81.98150750820135,0.04136427125803596,2.294
2,Right,1.189,34.58,81.98150750820135,0.014581610686269005,-60.41128923703431,15.639582565272248,18.163360650643895,15.639582565272248,81.10061360749131,0.05594588194430497,3.483
3,Right,1.177,32.79,81.10061360749131,0.014590635198824326,-59.275374733991036,15.202168340831795,17.74425467532744,15.202168340831795,80.23574823847403,0.0705365171431293,4.66
4,Right,1.169,20.679000000000002,80.23574823847403,0.01464733441668843,-58.1682529282499,11.955363282974224,14.354811755635682,11.955363282974224,79.38373838539944,0.08518385155981772,5.829000000000001
5,Right,1.159,18.429000000000002,79.38373838539944,0.014677432537833691,-57.090931158449955,11.274805658957998,13.591573927958338,11.274805658957998,78.54579009479919,0.09986128409765141,6.988
6,Right,1.13,21.311999999999998,78.54579009479919,0.014461140601602616,-56.05954129976593,12.141245062419488,14.560551459707899,12.141245062419488,77.73510518600193,0.11432242469925404,8.118
7,Right,1.078,32.791,77.73510518600193,0.013936433915892145,-55.092585136757116,15.20241510293429,17.744493850532375,15.20241510293429,76.96731101398785,0.1282588586151462,9.196
8,Left,1.015,75.551,76.96731101398785,0.013249221031476867,-54.19694058780756,24.30334824644769,24.39609586048312,24.30334824644769,76.24924376891018,0.14150807964662304,10.211
9,Left,0.9590000000000001,13.65,76.24924376891018,0.012633020288624593,-53.36372078374309,9.700983827514685,11.775299607011942,9.700983827514685,75.57509880157265,0.15414109993524763,11.17
10,Left,0.9540000000000001,10.35,75.57509880157265,0.012679093639631428,-52.54752284097581,8.470687751637174,10.317613676033712,8.470687751637174,74.90884383894124,0.16682019357487907,12.124
11,Left,0.932,9.448,74.90884383894124,0.01249573621913637,-51.76206589056986,8.1057293546303,9.880536324664586,8.1057293546303,74.26203871741512,0.17931592979401545,13.056000000000001
12,Left,0.9079999999999999,9.175,74.26203871741512,0.012278752312808613,-51.00798336710913,7.992306019838927,9.74434354604162,7.992306019838927,73.63572432367452,0.19159468210682407,13.964
13,Left,0.888,9.415,73.63572432367452,0.012109428800395788,-50.28102100348949,8.09209552867543,9.864174058232038,8.09209552867543,73.02684987982157,0.20370411090721985,14.852
14,Left,0.8809999999999999,9.738,73.02684987982157,0.012113860735248375,-49.569988264517235,8.224660542020297,10.02316679168106,8.224660542020297,72.42636594533731,0.21581797164246821,15.733
15,Left,0.888,9.902999999999999,72.42636594533731,0.012311861875400083,-48.863520110816296,8.291639106282494,10.103409886779687,8.291639106282494,71.82476503498711,0.2281298335178683,16.621000000000002
16,Left,0.899,10.5,71.82476503498711,0.012569541590635816,-48.1586183684336,8.530013079427842,10.388486045944315,8.530013079427842,71.21943327845753,0.24069937510850412,17.520000000000003
17,Left,0.919,10.255999999999998,71.21943327845753,0.012959729775603503,-47.44865765785361,8.43331963174588,10.272945982613898,8.43331963174588,70.60451149699662,0.2536591048841076,18.439000000000004
18,Left,0.955,10.892000000000001,70.60451149699662,0.01358713024357439,-46.72218151415059,8.683332797437325,10.571403894755285,8.683332797437325,69.96969113149993,0.267246235127682,19.394000000000002
19,Left,0.998,15.38,69.96969113149993,0.014330790607093425,-45.97513367245098,10.294249925099258,12.467382815175585,10.294249925099258,69.3108311177069,0.28157702573477544,20.392000000000003
20,Left,1.0190000000000001,18.817,69.3108311177069,0.014773088257955314,-45.22481482666795,11.39452265234339,13.726920651877977,11.39452265234339,68.64272093682284,0.29635011399273076,21.411
21,Left,1.0270000000000001,73.704,68.64272093682284,0.015034767377645067,-44.481042064344116,23.944484605880728,24.210416437117622,23.944484605880728,67.97395881667018,0.31138488137037584,22.438000000000002
22,Right,1.056,24.410999999999998,67.97395881667018,0.01561377902105416,-43.72919369644116,13.020763583424907,15.516571408677041,13.020763583424907,67.29118084952506,0.32699866039143,23.494000000000003
23,Right,1.107,18.354,67.29118084952506,0.016538190185596845,-42.954988465902055,11.251543811569263,13.565223720347397,11.251543811569263,66.58078308085585,0.3435368505770268,24.601000000000003
24,Right,1.128,16.69,66.58078308085585,0.017033732811637944,-42.180323563393614,10.724750023787989,12.964210456514502,10.724750023787989,65.86229471936856,0.36057058338866477,25.729000000000003
25,Right,1.139,15.866,65.86229471936856,0.017388718067028467,-41.41234617501183,10.455710922248729,12.6542832729955,10.455710922248729,65.14218710723709,0.37795930145569323,26.868000000000002
26,Right,1.145,17.349,65.14218710723709,0.017674412989452912,-40.65445216734465,10.93590249621182,13.206073305900489,10.93590249621182,64.42364352977148,0.39563371444514617,28.013
27,Right,1.17,18.617,64.42364352977148,0.018264321066479083,-39.89448711498038,11.332942573983356,13.657356564133,11.332942573983356,63.69499780832096,0.4138980355116252,29.183
28,Right,1.198,20.467,63.69499780832096,0.018918323760454863,-39.13122253703364,11.892589781397644,14.285058392282771,11.892589781397644,62.95470067122295,0.43281635927208006,30.381
29,Right,1.234,23.276,62.95470067122295,0.019719872809395817,-38.36050655199669,12.70416907016128,15.17588701740275,12.70416907016128,62.19823636111358,0.45253623208147586,31.615000000000002
30,Right,1.268,24.836,62.19823636111358,0.020513570686097188,-37.58457437230912,13.13779611310928,15.64148043650038,13.13779611310928,61.42724253802034,0.47304980276757314,32.883
31,Right,1.304,27.741,61.42724253802034,0.021365109122735305,-36.80320196686965,13.917635597224427,16.458888787903486,13.917635597224427,60.6409381119321,0.4944149118903084,34.187000000000005
32,Right,1.3430000000000002,35.304,60.6409381119321,0.022294354729650384,-36.01568030452702,15.814166309079022,18.32789084795777,15.814166309079022,59.8379917593933,0.5167092666199588,35.53000000000001
33,Right,1.3769999999999998,73.25399999999999,59.8379917593933,0.023170156401768123,-35.22592736871805,23.856803412557714,24.164230934755604,23.856803412557714,59.02180151286277,0.5398794230217269,36.90700000000001
34,Right,1.412,585.35,59.02180151286277,0.02409268760072259,-34.434299949291315,33.29511773786174,33.29511773786174,33.29511773786174,58.19218668143492,0.5639721106224495,38.31900000000001
35,Left,1.45,1028.4180000000001,58.19218668143492,0.025099527784309135,-33.64011733131028,33.29511773786174,33.29511773786174,33.29511773786174,57.347835621810276,0.5890716384067586,39.76900000000001
36,Left,1.486,648.173,57.347835621810276,0.026107236844618548,-32.845443676242255,33.29511773786174,33.29511773786174,33.29511773786174,56.49033184448804,0.6151788752513772,41.25500000000001
37,Right,1.526,569.8240000000001,56.49033184448804,0.027223708065163117,-32.04916313885895,33.29511773786174,33.29511773786174,33.29511773786174,55.61783478346296,0.6424025833165403,42.78100000000001
38,Right,1.5719999999999998,362.525,55.61783478346296,0.02849237768712697,-31.249350234820387,33.29511773786174,33.29511773786174,33.29511773786174,54.72746649409515,0.6708949610036672,44.353000000000016
39,Left,1.598,749.387,54.72746649409515,0.029440410590679297,-30.45692605798193,33.29511773786174,33.29511773786174,33.29511773786174,53.8308020856182,0.7003353715943466,45.951000000000015
40,Left,1.6219999999999999,296.97700000000003,53.8308020856182,0.03038592552401653,-29.673295250902957,33.29511773786174,33.29511773786174,33.29511773786174,52.92915154607211,0.7307212971183631,47.573000000000015
41,Left,1.661,578.78,52.92915154607211,0.031655060366383034,-28.891952831328542,33.29511773786174,33.29511773786174,33.29511773786174,52.01457503509371,0.7623763574847462,49.234000000000016
42,Straight,1.694,10000.0,52.01457503509371,0.032859625423462734,-28.116475410039342,33.29511773786174,33.29511773786174,33.29511773786174,51.09067818489182,0.7952359829082088,50.92800000000002
43,Right,1.7280000000000002,1460.656,51.09067818489182,0.034134044697738355,-27.34708003173359,33.29511773786174,33.29511773786174,33.29511773786174,50.157211732736,0.8293700276059472,52.65600000000002
44,Straight,1.758,10000.0,50.157211732736,0.03538157172657874,-26.58610831761569,33.29511773786174,33.29511773786174,33.29511773786174,49.216553434365686,0.864751599332526,54.41400000000002
45,Right,1.79,470.108,49.216553434365686,0.03672381997397199,-25.83322692564884,33.29511773786174,33.29511773786174,33.29511773786174,48.26785865940139,0.901475419306498,56.20400000000002
46,Right,1.8219999999999998,374.74199999999996,48.26785865940139,0.038125454218886363,-25.088964684658134,33.29511773786174,33.29511773786174,33.29511773786174,47.31133048491721,0.9396008735253844,58.026000000000025
47,Right,1.8519999999999999,629.554,47.31133048491721,0.039547510922845044,-24.354591672439774,33.29511773786174,33.29511773786174,33.29511773786174,46.348167004729966,0.9791483844482294,59.87800000000002
48,Right,1.857,632.705,46.348167004729966,0.04048428904847988,-23.639846182568025,33.29511773786174,33.29511773786174,33.29511773786174,45.39112463881328,1.0196326734967092,61.73500000000002
49,Right,1.8219999999999998,974.329,45.39112463881328,0.040555971247894985,-22.95877583285321,33.29511773786174,33.29511773786174,33.29511773786174,44.460009186249216,1.060188644744604,63.55700000000002
50,Right,1.754,564.457,44.460009186249216,0.03984981684062019,-22.321328224403665,33.29511773786174,33.29511773786174,33.29511773786174,43.57050834486736,1.1000384615852243,65.31100000000002
51,Right,1.6680000000000001,314.087,43.57050834486736,0.03865540836412459,-21.731162637411078,33.29511773786174,33.29511773786174,33.29511773786174,42.730481378891035,1.138693869949349,66.97900000000003
52,Right,1.5859999999999999,527.395,42.730481378891035,0.03746428032870892,-21.18413558552684,33.29511773786174,33.29511773786174,33.29511773786174,41.93683298479348,1.176158150278058,68.56500000000003
53,Left,1.506,475.469,41.93683298479348,0.03623483340806329,-20.677133008569378,33.29511773786174,33.29511773786174,33.29511773786174,41.187600514871605,1.2123929836861214,70.07100000000003
54,Left,1.445,340.72900000000004,41.187600514871605,0.035390537188742265,-20.201848316844057,33.29511773786174,33.29511773786174,33.29511773786174,40.47264625073301,1.2477835208748635,71.51600000000002
55,Straight,1.399,10000.0,40.47264625073301,0.03486314259117545,-19.751941697407467,33.29511773786174,33.29511773786174,33.29511773786174,39.784031490883706,1.282646663466039,72.91500000000002
56,Right,1.344,294.502,39.784031490883706,0.0340642811471706,-19.328978057125735,33.29511773786174,33.29511773786174,33.29511773786174,39.12560374805828,1.3167109446132095,74.25900000000001
57,Right,1.2919999999999998,61.248000000000005,39.12560374805828,0.0332899587282028,-18.930755969931646,21.47331027986451,22.777349354304626,21.47331027986451,38.495399663125575,1.3500009033414122,75.55100000000002
58,Right,1.25,25.195,38.495399663125575,0.03272955485671692,-18.553163897580898,13.23603724780092,15.745894668871568,13.23603724780092,37.88816286757404,1.3827304581981292,76.80100000000002
59,Right,1.224,17.881,37.88816286757404,0.03256010346022226,-18.19065012402246,11.10391429809861,13.397611793602188,11.10391429809861,37.29587341752716,1.4152905616583515,78.02500000000002
60,Right,1.204,15.209000000000001,37.29587341752716,0.03253558005293979,-17.840915605286977,10.236925171451913,12.400869713977322,10.236925171451913,36.7154088796336,1.4478261417112912,79.22900000000001
61,Right,1.186,14.33,36.7154088796336,0.03255513597729351,-17.502936020735685,9.937807515427513,12.0525336423768,9.937807515427513,36.145598417476684,1.480381277688585,80.41500000000002
62,Right,1.1740000000000002,15.317,36.145598417476684,0.03273432114580943,-17.174651130383708,10.273161995608325,12.44292417642837,10.273161995608325,35.58339787180747,1.513115598834394,81.58900000000003
63,Right,1.176,15.267999999999999,35.58339787180747,0.033311888191316766,-16.851985088714233,10.256734740530927,12.423863594381467,10.256734740530927,35.022026428730484,1.5464274870257109,82.76500000000003
64,Right,1.18,13.818,35.022026428730484,0.033965407603384706,-16.53432449921222,9.759955252068538,11.844447856745205,9.759955252068538,34.460431357668114,1.5803928946290957,83.94500000000004
65,Right,1.187,14.075999999999999,34.460431357668114,0.03472916767298746,-16.22083797354001,9.849922768624092,11.949796442779846,9.849922768624092,33.89709515588868,1.6151220623020832,85.13200000000003
66,Right,1.192,14.577,33.89709515588868,0.03546038963727636,-15.912024271690484,10.022632987031255,12.151529053378596,10.022632987031255,33.33284857529674,1.6505824519393595,86.32400000000003
67,Right,1.197,14.126,33.33284857529674,0.03621762261590314,-15.607843384407204,9.867276280232698,11.970096323801599,9.867276280232698,32.76756959375216,1.6868000745552627,87.52100000000003
68,Right,1.21,16.404,32.76756959375216,0.037250846536207013,-15.306299550565758,10.632020320902386,12.857605354282253,10.632020320902386,32.19739697815682,1.7240509210914698,88.73100000000002
69,Right,1.226,24.503,32.19739697815682,0.03842163535478093,-15.00674775560161,13.046165850674688,15.543731187033481,13.046165850674688,31.620813188029913,1.7624725564462507,89.95700000000002
70,Right,1.24,52.493,31.620813188029913,0.039579040036203404,-14.709770991973638,19.663428500021435,21.540040713799513,19.663428500021435,31.038614573015206,1.8020515964824542,91.19700000000002
71,Left,1.258,89.296,31.038614573015206,0.040918951385576226,-14.414530436286071,26.93330464031345,25.604705562905597,25.604705562905597,30.448787102846907,1.8429705478680303,92.45500000000001
72,Left,1.3,30.230999999999998,30.448787102846907,0.04312573913266274,-14.115756718972479,14.561233484455116,17.112819909954755,14.561233484455116,29.84003466092437,1.886096287000693,93.75500000000001
73,Left,1.35,24.543000000000003,29.84003466092437,0.04572511927163517,-13.812164672672973,13.057198491167178,15.555518902540893,13.057198491167178,29.208471783866933,1.931821406272328,95.105
74,Left,1.3980000000000001,23.337,29.208471783866933,0.04840447694869201,-13.504774913295678,12.7213391746562,15.194465860342401,12.7213391746562,28.55478021787904,1.98022588322102,96.503
75,Left,1.4369999999999998,28.605999999999998,28.55478021787904,0.05092352314270413,-13.19603338668254,14.143623074645816,16.690706272386684,14.143623074645816,27.882791706320415,2.031149406363724,97.94
76,Left,1.4680000000000002,35.938,27.882791706320415,0.05330565854080036,-12.887993997064578,15.965999087955593,18.46968989287664,15.965999087955593,27.195788699037006,2.0844550649045246,99.408
77,Left,1.4980000000000002,31.061999999999998,27.195788699037006,0.055802323810579806,-12.581143519579392,14.771508855450378,17.322204878749158,14.771508855450378,26.49373165445006,2.1402573887151046,100.906
78,Left,1.5319999999999998,31.614,26.49373165445006,0.058621075088189444,-12.27496556238725,14.9100244118272,17.458954499175764,14.9100244118272,25.774159976512415,2.198878463803294,102.438
79,Left,1.564,61.916000000000004,25.774159976512415,0.06156095700697914,-11.970154052745755,21.60854542515756,22.863162230845766,21.60854542515756,25.037265837504414,2.260439420810273,104.00200000000001
80,Left,1.587,123.238,25.037265837504414,0.06435047071883603,-11.668650501182098,33.31538556593443,27.671066070797682,27.671066070797682,24.286382685099763,2.324789891529109,105.58900000000001
81,Left,1.625,88.044,24.286382685099763,0.06799185689045555,-11.367885073837087,26.696070014920032,25.50589687382779,25.50589687382779,23.513459070012285,2.392781748419565,107.21400000000001
82,Left,1.659,269.496,23.513459070012285,0.07176765085613893,-11.068902536723206,33.29511773786174,33.29511773786174,33.29511773786174,22.7190699373961,2.464549399275704,108.87300000000002
83,Right,1.6540000000000001,334.712,22.7190699373961,0.07410495629882188,-10.778637813699742,33.29511773786174,33.29511773786174,33.29511773786174,21.92031945325105,2.5386543555745256,110.52700000000002
84,Left,1.6219999999999999,214.422,21.92031945325105,0.07535545096955856,-10.501312628844197,33.29511773786174,33.29511773786174,33.29511773786174,21.128988304332175,2.614009806544084,112.14900000000002
85,Left,1.579,135.577,21.128988304332175,0.07613584828489553,-10.238106116756176,35.66067872674188,28.209857797591678,28.209857797591678,20.349501410302167,2.6901456548289797,113.72800000000001
86,Straight,1.527,10000.0,20.349501410302167,0.07647418369807052,-9.98974237235536,33.29511773786174,33.29511773786174,33.29511773786174,19.585544017022265,2.76661983852705,115.25500000000001
87,Right,1.4680000000000002,790.645,19.585544017022265,0.07640736348026334,-9.756548498662484,33.29511773786174,33.29511773786174,33.29511773786174,18.840071869572142,2.8430272020073133,116.72300000000001
88,Left,1.412,195.11700000000002,18.840071869572142,0.07642500659246342,-9.537290926543411,33.29511773786174,33.29511773786174,33.29511773786174,18.111184347636822,2.919452208599777,118.13500000000002
89,Left,1.359,108.40799999999999,18.111184347636822,0.07654584522404603,-9.33083151846541,30.52741678556302,26.89345479240628,26.89345479240628,17.396947962412717,2.995998053823823,119.49400000000001
90,Left,1.306,78.187,17.396947962412717,0.07661188403526019,-9.136554907479082,24.812870123858428,24.650692329583332,24.650692329583332,16.696979277359144,3.0726099378590828,120.80000000000001
91,Left,1.256,62.586999999999996,16.696979277359144,0.07680479848222858,-8.953460353078611,21.74403184955171,22.948239420442565,21.74403184955171,16.009310559222317,3.1494147363413116,122.05600000000001
92,Left,1.216,28.546999999999997,16.009310559222317,0.07760730283742713,-8.779638222470464,14.128293021832514,16.675055070595718,14.128293021832514,15.327946516888,3.2270220391787388,123.272
93,Left,1.192,15.685,15.327946516888,0.0795440344414434,-8.612490718451035,10.395827190494801,12.58504120098607,10.395827190494801,14.642874258552919,3.306566073620182,124.464
94,Left,1.18,14.29,14.642874258552919,0.08255161321766814,-8.450144925697165,9.924011923373241,12.036418053259359,9.924011923373241,13.945301163013525,3.3891176868378503,125.644
95,Left,1.1520000000000001,14.432,13.945301163013525,0.08474425012606282,-8.29456942792372,9.972911874011855,12.093522048633394,9.972911874011855,13.242384096725562,3.473861936963913,126.796
96,Left,1.137,15.677999999999999,13.242384096725562,0.08825573762364108,-8.143810514610887,10.39350536981776,12.582354699011677,10.39350536981776,12.523646092691415,3.562117674587554,127.933
97,Left,1.131,17.213,12.523646092691415,0.09307487746170841,-7.99655871578124,10.892606545684163,13.156582479115391,10.892606545684163,11.779367370104719,3.6551925520492623,129.064
98,Left,1.122,15.14,11.779367370104719,0.09848443387035824,-7.853099377375101,10.213716482078796,12.37391814962027,10.213716482078796,11.005959323796269,3.7536769859196206,130.186
99,Left,1.113,12.998,11.005959323796269,0.10498960072186383,-7.713323703258643,9.469103229872928,11.502698830139739,9.469103229872928,10.196140547952655,3.8586665866414847,131.299
100,Left,1.095,12.66,10.196140547952655,0.11206021484539633,-7.578217265067812,9.346923893084066,11.358629293996488,9.346923893084066,9.346923893084066,3.970726801486881,132.394
101,Left,1.095,12.66,9.346923893084066,0.11715084155228947,0.0,9.346923893084066,11.358629293996488,9.346923893084066,9.346923893084066,4.08787764303917,133.489
